1          62    39  978     64    39  978     59   53 1006      -56    56 1003    -56    56 1003    -56   56 1003    8  8  8    3  3  3   29
2          51   109 1078     51   109 1078     50   47 1072      -56    41 1078    -56    41 1078    -56   41 1078    4  4  4    4  4  3   14
3          65    50 1025     65    50 1025     67   50 1025      -55     2  921    -55     2  921    -55    2  921    4  4  4    8  8  9   31
4          46    41 1012     46    26 1027     46   41 1012      -74    49 1018    -74    49 1018    -74   49 1018    8  7  6    6  6  6   33
5          48    49 1018     48    49 1018     48   49 1018      -30   127 1070    -30   127 1070    -30  127 1070    2  2  2    2  1  1   9
6          48    44 1001     45    44 1001     49   44 1001      -51   151 1032    -51   151 1032    -51  151 1032    6  6  5    6  6  6   26
7          41   149 1022     41   149 1022     41  149 1022      -49     5  886    -49     5  886    -49    5  886    9  9  8    5  5  5   32
8          42   149 1050     42   149 1050     42  646  200      -76   464  379    -76   464  379    -76  464  379    3  4  4    8  8  7   31
9          68    51 1078     68    51 1078     68   51 1078      -82   294  566    -82   294  566    -82  294  566    2  2  2    6  6  7   21
10         66   293  566     63   293  566     66  293  566      -93   120  761    -92   120  761    -95  120  761    9 10 10    4  4  5   39
11         83    70  270     86    70  269     86   70  269      -89   180  517    -90   180  517    -87  180  517    5  5  6    8  8  8   35
12         88   180  517     88   180  517     88  180  517      -98   359  836    -98   359  836    -98  359  836    7  7  7    8  8  8   42
13         98   359  836     98   359  836     98  359  836     -101   477 1021   -101   477 1021   -101  477 1021    6  6  6   13 13 13   50
14        101   477 1021    101   477 1021    101  477 1021      -56   143 1042    -56   143 1042    -56  143 1042   11 11 11    6  6  6   42
15         53    29 1002     53    29 1002     53   29 1002     -117   640  841   -117   640  841   -117  640  841    9  8  8   10 10 10   42
16        116   640  841    116   640  841    116  640  841      -97   440  618    -97   440  618    -97  440  618   11 11 11    8  8  8   54
17         89   442  618     86   442  618     89  442  618      -86   458  478    -88   113 1076    -84  458  478    9 10  9    5  3  5   37
18         69   458  478     69   458  478     69  458  478      -57    45 1038    -57    45 1038    -57   45 1038    6  7  6    7  8  7   35
19         45    51 1074     45   151 1040     45   51 1074      -59   270  283    -59   270  283    -59  270  283    2  4  2    6  6  6   23
20         60     1  914     60     1  914     60    1  914      -57   150 1031    -57   150 1031    -57  150 1031    7  7  8    6  6  6   34
21         76    35  998     76    35  998     76   35  998      -54  3084  809    -54  3084  809    -54 3084  809    7  7  7    9  9  9   45
22         57    33  984     57    33  984     57   33  984      -46    23  998    -46    23  998    -46   23  998    5  5  5    6  6  6   24
23         60    43  990     60    29 1002     60   43  990      -81    43 1052    -81    43 1052    -81   43 1052    6  5  6    4  4  4   26
24         91   151 1024     91   151 1024     91  151 1024      -65   131 1052    -64   131 1052    -71  131 1052    4  4  5    5  5  5   28
25         54   120 1068     55   120 1068     53  143 1057      -62   143 1036    -63   143 1036    -60  143 1036    5  5  5    4  4  4   24
26         52    37 1038     52    37 1038     52   37 1038      -51   120 1069    -51   120 1069    -51  120 1069    5  6  5    5  6  5   22
27         49    30  987     49    30  987     49   30  987      -43     5  886    -43     5  886    -43    5  886    7  7  7    7  7  8   37
28         47   149 1034     47   149 1034     47  149 1034      -49   156 1008    -49   156 1008    -49  156 1008    4  4  4    7  7  8   31
29         50    45 1046     50    45 1046     50   45 1046      -55     1  904    -55     1  904    -55    1  904    7  9  6    4  4  4   25
30         53    41 1040     53    41 1040     53   41 1040      -81    47 1024    -81    47 1024    -81   47 1024    8  8  8    4  4  4   24
31         70     1  904     70     1  904     70    1  904      -47    17 1025    -47    17 1025    -47   17 1025    7  6  7    8  9  8   38
32         86   154 1025     82   154 1025     78  154 1025      -69     4 1068    -68     4 1068    -73    4 1068    5  4  5    7  7  6   28
33         69   107 1079     69   107 1079     69  107 1079      -50    43 1052    -50    43 1052    -50   43 1052    2  2  2    6  6  6   21
34         73    53 1076     73    53 1076     73   53 1076      -50    45  988    -50    45  988    -47   45  988    2  2  2    5  5  5   18
35         75     5 1042     75     5 1042     75    5 1042      -52   110 1074    -52   110 1074    -52  110 1074    4  4  4    4  4  4   18
36         57    47 1024     57    47 1024     57   47 1024      -53    38 1021    -53    38 1021    -53   38 1021    7  6  6    5  5  5   25
37         47   120 1069     47   120 1069     47  120 1069      -62    49 1018    -62    49 1018    -62   49 1018    5  6  5    5  5  5   28
38         63    45 1027     63    45 1027     63   45 1027      -47    31 1048    -47    31 1048    -47   31 1048    3  3  4    5  5  5   19
39         81   149 1024     81   149 1024     81  149 1024      -74     0 1021    -79     0 1021    -78    0 1021   10  9 10   10 10  8   54
40         51    41  992     51    41  992     51   41  992     -109  1161  972   -109  1161  972   -109 1161  972    5  5  6    9  9  9   39
41        109  1161  972    109  1161  972    109 1161  972     -100  1147  827   -100  1147  827   -100 1147  827   10  9 10    6  5  7   45
42        102  1148  827    102  1148  827    102 1148  827     -101  1220  515   -101  1220  515   -101 1220  515    8  8  9   10 10  9   45
43         97  1220  515     99  1220  515     98 1220  515     -103  1385  143   -111  1385  143   -111 1385  143    7  7  7   12 12 12   51
44        101  1385  143    109  1385  143    109 1385  143      -61   149 1034    -61   149 1034    -61  149 1034    6  6  6    8  8  8   36
45         55   148 1055     55   148 1055     55  148 1055      -43    55  986    -43   120 1069    -43   55  986    4  4  4    5  5  5   21
46         48     3  918     48     3  918     48    3  918      -86    43 1052    -86    43 1052    -86   47 1030    7  8  7    7  7  8   38
47         64    55  950     64    55  950     64   55  950      -57    45 1014    -57    45 1014    -57   45 1014    7  7  6    7  9  4   40
48         49   134 1052     49   134 1052     47  134 1052      -62    55  950    -62    55  950    -62   55  950    7  8  8   11 12 10   47
49         48   149 1050     48   149 1050     48  149 1050      -53    19 1014    -53    19 1014    -53   19 1014    5  5  5    5  5  6   28
50         47    15 1030     49   120 1068     47   15 1030      -49   151 1038    -49   151 1038    -49  151 1038    6  5  6    7  7  7   35
51         47    41 1060     47    41 1060     47   41 1060      -43   120 1068    -43   120 1068    -43   43 1058    4  4  4    4  4  5   19
52         66    53 1076     66    53 1076     66   53 1076      -49    37  992    -49    37  992    -49   37  992    3  3  3    7  7  7   21
53         48    20 1025     48    20 1025     48   60  961     -113   761 1009   -113   761 1009   -113  761 1009    7  6  7   10  9  9   41
54        113   761 1009    113   761 1009    113  761 1009      -71   658  307    -70   658  307    -73  658  307    8  8  9    9 12 10   56
55         72   121 1076     74   121 1076     73  121 1076      -76    59  962    -76    59  962    -76   59  962    4  4  4    6  6  5   26
56         54    31 1006     51    31 1006     55   31 1006      -56   120 1068    -56   120 1068    -56  120 1068    6  6  6    5  5  5   27
57         64     1  904     64     1  904     64    1  904      -69     1  914    -69     1  914    -69    1  914    7  7  7    7  7  7   30
58         70     1  914     70     1  914     70    1  914      -51    29 1035    -51    29 1035    -51   29 1035    8  8  8    6  6  6   33
59         58    17 1035     58    17 1035     55   17 1035      -52    52 1073    -52    52 1073    -52   52 1073    3  3  3    5  5  5   24
60         59    51 1078     59    51 1078     59   51 1078      -72   148 1055    -72   148 1055    -72  148 1055    3  3  3    7  7  7   27
61         60    33  980     64    33  980     63   33  980      -59   147 1048    -60   147 1048    -58   41 1022    8  7  9    7  6  8   41
62         44    41 1022     44    41 1022     44   41 1022      -72    47 1072    -72    47 1072    -72   47 1072    6  6  7    4  4  4   31
63         49    52 1005     49    52 1005     49   52 1005      -70   151 1032    -70   151 1032    -70  151 1032    5  5  5    6  6  7   22
64         62    29 1002     62    29 1002     62   29 1002      -64   149 1034    -64   149 1034    -64  149 1034    4  4  4    8  8  8   28
65         65     1  904     65     1  904     65    1  904      -58   151 1038    -58   151 1038    -58  151 1038    8  8  8    4  4  4   30
66         50    25 1006     50    25 1006     50   25 1006      -61   136 1041    -61   136 1041    -61  136 1041    7  7  7    8  8  8   39
67         53     1  906     53     1  906     53    1  906      -57    20 1021    -57    20 1021    -57   20 1021    5  5  5    8  8  8   36
68         45    45 1014     45    45 1014     45   45 1014      -54   121 1064    -54   121 1064    -54  121 1064    8  7  8    6  6  5   28
69         65    32  995     63    32  995     63   32  995      -73     1  944    -74     1  944    -71    1  944    9 11 10    7  8  8   40
70         79     1  944     79     1  944     79    1  944      -55    53 1006    -55    53 1006    -55   53 1006    8  8  8    6  6  6   36
71         55    21 1042     55    21 1042     55   21 1042      -59    51 1074    -59    51 1074    -59   51 1074    5  5  5    3  3  3   24
72         76    33  980     76    33  980     76   33  980      -44    34 1019    -44    34 1019    -44   34 1019    6  6  7    6  6  6   34
73         55   127 1070     55   127 1070     57  127 1070      -52    43  990    -52    43  990    -52   43  990    7  7  7    5  5  5   30
74         58    31 1038     58    31 1038     58   31 1038      -55    35  990    -55    35  990    -55   35  990    5  5  5    4  4  4   22
75         48   120 1068     48   120 1068     48  120 1068      -55     5  892    -53    37  990    -53   37  990    4  4  3    6  5  5   22
76         57    51  998     59    51  998     59   51  998      -61   812  112    -61   812  112    -61  812  112    6  6  7    6  7  6   32
77         74    47 1024     74    47 1024     74   47 1024      -62    51 1078    -62    51 1078    -62   51 1078    6  6  6    3  3  3   24
78         46     1  808     46     1  808     46    1  808      -59   122 1071    -59   122 1071    -59  122 1071    6  6  6    6  6  6   36
79         53    51 1000     53    51 1000     55   51 1000      -65    53 1006    -64    53 1006    -67   53 1006    7  7  9    8  8  9   43
80         71    19 1014     71    19 1014     71   19 1014      -51   143 1057    -51   143 1057    -51  143 1057    9  8  9    5  5  5   28
81         62    29 1054     62    29 1054     62   29 1054      -90   683  713    -90   683  713    -90  683  713    6  6  6    6  7  7   27
82         78   683  713     81   683  713     80  683  713      -75   635 1059    -75   635 1059    -75  635 1059    6  6  6    4  4  4   27
83         74   635 1059     74   635 1059     74  635 1059      -65    51 1078    -67    51 1078    -66   51 1078    9  8  6    3  3  3   32
84         54  2933  583     54  2933  583     54 2933  583      -72  3118  763    -72  3118  763    -72 3118  763    8  8  9    7  6  7   42
85         73  3118  763     71  3118  763     71 3118  763      -66    45 1027    -66    45 1027    -66   45 1027    8  8  9    6  6  6   37
86         52   151 1038     52   151 1038     52  151 1038      -56    39 1064    -56    39 1064    -56   39 1064    4  4  4    6  6  6   27
87         54   149 1024     54   149 1024     54  149 1024      -68     1  906    -68     1  906    -68    1  906    7  7  7    6  6  7   34
88         93     1  906     92     1  906     97    1  906      -53     0  904    -53     0  904    -49    0  904   10 10 10    7  7  6   41
89         70    27  982     71    27  982     68   27  982      -61    32 1055    -61    32 1055    -61   32 1055    7  7  8    5  5  5   31
90         56   149 1040     56   149 1040     56  149 1040      -73     1  906    -73     1  906    -73    1  906    5  5  5    8  9  8   34
91         71    53  980     73    53  980     73   53  980      -65   149 1022    -62   149 1022    -66  149 1022    9  8  9    9  9 10   44
92         59    37 1062     59    37 1062     59   37 1062      -56   151 1032    -56   151 1032    -56  151 1032    4  4  4    6  6  6   18
93         60    47 1030     60    47 1030     60   47 1030      -54   151 1038    -54   151 1038    -54  151 1038    7  6  6    4  4  4   28
94         64   142 1063     64   142 1063     64  142 1063      -77    41 1028    -77    41 1028    -77   41 1028    6  6  6    7  7  7   24
95         65    49 1018     65    49 1018     65   49 1018      -52  2589 1064    -52  2589 1064    -52 2589 1064   11 11 11    5  5  6   34
96         52    45 1027     52    45 1027     52   45 1027      -51    16  865    -53    16  865    -52   16  865    8  9  9    8  8  8   38
97         58   576  847     58   576  847     58  576  847      -45    45 1027    -47    45 1027    -47   45 1027    6  5  4    2  2  2   18
98         79    51 1026     79    51 1026     78   51 1026      -65    47  998    -65    47  998    -65   47  998    9  9  7    8  8  6   47
99        104    20 1005    104    20 1005    104   20 1005      -74     1  906    -74     1  906    -74    1  906    5  5  5    4  4  5   28
100        64    26 1049     64    26 1049     64   26 1049      -60    20 1019    -60    20 1019    -60   20 1019    3  3  3    5  6  5   19
101        62   143 1042     62   143 1042     62  143 1042      -58    13  882    -58    13  882    -58   13  882    7  7  7    6  6  6   33
102        44    29 1066     44    29 1066     44   29 1066      -63    45 1027    -63    45 1027    -63   45 1027    4  4  4    7  8  6   30
103        70    57 1000     70    57 1000     70   57 1000      -60     5  892    -60     5  892    -60    5  892    7  7  7    9  9  8   38
104        41   151 1038     41   151 1038     41  151 1038      -75    57 1000    -75    57 1000    -75   57 1000    5  5  5    5  5  5   21
105        82    26 1067     83    26 1067     83  120 1068     -111     0  904   -108     0  904   -104   29 1002    8  7  7   10 11  9   49
106        78    45 1027     75    45 1027     76   45 1027      -78   120 1068    -77   120 1068    -82  120 1068    7  6  6    5  6  6   28
107        75    35  990     75    35  990     75   35  990      -90   576 1053    -90   576 1053    -90  576 1053    5  4  5    5  5  5   26
108        89   576 1053     91   576 1053     93  576 1053      -68    45 1027    -67    45 1027    -74   45 1027    9  9  9    5  5  5   36
109        77   151 1048     77   151 1048     77  151 1048      -51    44 1027    -47    44 1027    -51   44 1027    6  6  8    5  5  5   23
110        61     1  916     61     1  916     61    1  916      -61     1  912    -61     1  912    -61    1  912    3  3  3    7  7  7   27
111        49    39 1030     49    39 1030     49   39 1030      -47    30 1004    -47    30 1004    -47   30 1004    7  7  6    5  5  6   28
112        59     3  924     56     3  924     57    3  924      -56     9  894    -56     9  894    -56    9  894    4  4  4    8  8  9   28
113        73    45 1027     80    45 1027     78   45 1027      -90    27  982    -91    27  982    -86   27  982    7  7  5    9  8  8   41
114       106    27  982    107    27  982    102   27  982      -53   125 1076    -53   125 1076    -53  125 1076    9  8  8    7  6  5   34
115        40     6  942     40     6  942     40    6  942      -66    43 1046    -66    43 1046    -66   43 1046    8  8  8    4  4  5   31
116        59    47 1030     59    47 1030     59   47 1030      -64   151 1024    -64   151 1024    -64  151 1024    7  7  7    5  5  5   35
117        78    29 1050     77    29 1050     80   29 1050      -98  3622  951   -111  3622  951   -117 3628  941    6  6  6   12 12 14   52
118        90  3609  957    104  3609  956    114 3624  948      -97  3572  850   -110  3572  850   -121 3572  850    9 10 12   15 15 13   65
119        91  3495  745    103  3586  845    114 3553  862      -93  3499  758   -103  3499  758   -112 3500  759   12 13 13   17 16 15   82
120        84  3486  764     97  3500  774    111 3500  759      -91  3495  745    -99  3428  674   -111 3445  680    6  5  9   11 15 16   57
121        88  3432  645     99  3449  666    110 3449  666      -88  3382  601    -96  3382  601   -109 3388  625    9  7  9   14 15 14   65
122        89  3383  602    105  3383  602    107 3388  625      -91  3304  549    -94  3339  571   -109 3331  570    9 10 10    5  6  9   49
123       108  3312  556    118  3312  556    121 3312  556     -149  3313  528   -150  3313  528   -157 3313  528   18 17 20   17 14 16   90
124       155  3291  517    158  3291  517    160 3291  517     -147  3298  512   -157  3298  512   -166 3298  512   12 12 15   17 16 16   81
125       147  3303  517    155  3303  517    153 3303  517     -158  3294  511   -158  3291  517   -168 3291  517   13 17 19   12 10 10   75
126       255  3287  525    255  3285  522    244 3285  522     -151  3283  516   -159  3283  516   -169 3283  516   22 21 19   11 14 15   99
127       239  3283  526    230  3283  526    238 3282  524     -185  3289  523   -188  3290  524   -176 3290  524   19 16 18   15 14 13   88
128       222  3285  528    253  3285  528    238 3285  528     -255  3284  523   -248  3285  523   -255 3284  523   13 14 15   13 14 20   89
129       153  3273  516    158  3273  516    158 3273  516     -253  3283  526   -254  3283  526   -248 3283  526   15 14 15   13 14 14   74
130       209  3291  527    221  3291  527    209 3291  527     -253  3285  528   -255  3285  528   -255 3286  527   17 16 14   15 14 15   86
131       217  3294  527    219  3294  527    209 3294  527     -249  3289  529   -247  3289  527   -247 3289  527   16 14 11   16 14 13   72
132       239  3298  527    250  3298  527    243 3298  527     -252  3293  529   -248  3293  529   -241 3293  528    9 10 12   15 18 17   78
133       251  3297  524    253  3296  524    247 3296  524     -232  3294  527   -236  3294  527   -236 3298  528   14 13 13   21 20 20   98
134       248  3297  522    240  3297  522    233 3297  522     -233  3298  527   -235  3300  527   -235 3300  527   18 18 19   22 22 22   118
135       252  3298  520    238  3295  521    233 3298  520     -228  3297  525   -249  3297  525   -239 3297  525   21 18 18   13 13 13   89
136       253  3296  518    255  3295  518    253 3295  518     -232  3296  522   -247  3296  522   -239 3296  522   20 18 19   14 16 15   98
137       255  3293  516    255  3294  515    255 3295  515     -229  3295  519   -233  3295  519   -233 3295  519   19 19 21   14 13 14   97
138       255  3291  513    254  3292  513    230 3292  513     -235  3293  516   -242  3293  516   -244 3293  516   11 12 14   17 20 18   85
139       255  3288  510    255  3288  509    238 3288  510     -203  3290  513   -210  3290  513   -226 3290  513   17 17 16   11 12  8   81
140       255  3283  507    254  3286  506    241 3284  505     -220  3286  510   -244  3286  510   -195 3285  509   22 20 22   13 15 17   97
141       255  3281  502    248  3279  503    242 3281  502     -239  3282  506   -237  3282  506   -227 3282  506   22 25 29   17 16 15   117
142       249  3278  499    244  3277  500    242 3278  499     -220  3280  504   -226  3279  503   -224 3279  503   14 12 11   19 20 20   90
143       234  3279  498    242  3279  498    238 3279  498     -236  3280  502   -220  3280  502   -220 3280  502   16 14 16   12 11 11   70
144       223  3281  495    213  3284  498    199 3284  498     -254  3277  499   -245  3279  500   -245 3282  500   21 21 18   14 13 14   95
145       217  3285  496    223  3285  496    228 3285  496     -255  3281  497   -252  3281  498   -252 3280  497   12 12 15   19 18 17   90
146       148  3278  490    152  3283  507    166 3283  507     -250  3283  495   -243  3283  495   -240 3283  495   14 13 12   14 17 15   82
147       190  3276  481    175  3276  481    180 3276  481     -178  3285  494   -177  3285  494   -166 3285  494   17 17 17   11 12 12   80
148       162  3278  479    164  3278  479    163 3278  479     -143  3294  508   -143  3264  502   -150 3310  485   13 13 12   15 15 16   72
149       164  3277  477    171  3291  490    170 3277  477     -172  3278  479   -180  3278  479   -192 3278  479   18 14 15   15 17 15   88
150       150  3275  475    152  3287  498    161 3310  484     -164  3277  477   -170  3277  477   -175 3277  477   14 13 13   14 16 13   80
151       139  3301  483    147  3268  474    153 3268  474     -149  3275  474   -156  3281  481   -158 3271  495   16 16 17   16 15 14   94
152       154  3277  492    156  3277  492    170 3277  492     -160  3279  478   -166  3279  478   -162 3279  478   22 19 21   14 15 13   95
153       145  3274  490    152  3274  490    166 3274  490     -138  3271  489   -144  3271  489   -147 3271  489   13 10 11   14 15 15   75
154       142  3305  476    144  3305  476    152 3305  476     -132  3278  492   -138  3268  464   -144 3268  464   17 18 19   12 15 13   94
155       147  3302  478    153  3302  478    151 3302  478     -154  3265  464   -161  3265  464   -166 3265  464    8  9  9   18 17 20   78
156       144  3300  478    147  3300  478    150 3300  478     -145  3261  489   -151  3261  489   -152 3261  489   13 14 15    9  9  8   60
157       170  3264  466    181  3264  466    178 3264  466     -166  3265  467   -169  3265  467   -172 3265  467   17 17 20   17 18 15   101
158       158  3263  464    163  3263  464    165 3262  464     -170  3264  466   -174  3264  466   -174 3264  466   16 17 15   10 11 14   80
159       171  3264  463    178  3264  463    178 3264  463     -155  3263  465   -155  3263  465   -155 3263  465   11 11 12   18 17 18   72
160       135  3299  473    135  3299  473    142 3256  484     -135  3276  494   -141  3276  494   -143 3292  471   16 14 12    7  7 10   57
161       137  3259  490    138  3259  490    138 3259  490     -140  3292  490   -146  3294  490   -150 3294  490    8  7  7    9 10 10   45
162       139  3275  494    146  3275  494    145 3275  494     -139  3278  491   -137  3287  493   -144 3287  493    8  8  8   10  8  9   45
163       128  3297  474    135  3297  467    141 3256  458     -123  3295  468   -128  3295  468   -130 3295  468    9 11 11   15 16 17   76
164       127  3290  465    138  3290  465    137 3290  465     -137  3262  483   -144  3261  483   -146 3261  483   18 15 17   17 15 15   95
165       147  3261  484    150  3261  484    152 3261  484     -137  3278  486   -138  3278  486   -138 3278  486   22 20 18   16 14 14   86
166       142  3278  486    143  3278  486    145 3278  486     -153  3261  484   -158  3261  484   -158 3261  484   13 13 13   15 14 15   71
167       148  3268  484    156  3268  484    160 3268  484     -145  3279  490   -151  3279  490   -166 3279  490   20 19 20   13 14 15   91
168       136  3257  482    143  3303  468    143 3303  468     -158  3271  470   -160  3271  470   -159 3271  470   13 12 12   14 15 15   81
169       162  3296  471    172  3296  471    176 3296  471     -149  3269  467   -154  3269  467   -159 3265  479   16 18 17   15 15 17   96
170       145  3280  467    147  3280  467    157 3280  467     -150  3263  476   -157  3263  476   -156 3263  476   14 15 16   13 15 14   81
171       175  3254  460    179  3254  460    179 3254  460     -149  3257  462   -154  3252  482   -154 3252  482   15 14 15   12 13 13   76
172       142  3269  473    149  3278  468    150 3278  468     -147  3259  466   -150  3259  466   -160 3259  466   19 24 21   11 11 11   95
173       139  3245  480    146  3245  480    153 3244  480     -148  3250  460   -150  3250  460   -153 3263  485   14 13 14   13 15 13   76
174       135  3267  490    144  3239  483    149 3239  484     -149  3269  471   -159  3244  460   -162 3244  460   11 12 12   15 16 14   70
175       141  3274  468    144  3274  468    144 3275  469     -136  3282  474   -137  3282  474   -144 3251  466   18 20 16   16 18 20   90
176       141  3259  491    150  3259  491    152 3259  491     -145  3246  462   -144  3246  462   -152 3246  462   13 13 15   10 11 11   67
177       133  3247  461    144  3247  461    148 3247  461     -151  3261  496   -158  3261  496   -158 3261  496   13 13 14   17 15 13   85
178       153  3258  500    158  3258  500    156 3258  500     -147  3235  489   -153  3235  489   -153 3235  489   10  9 10   12 14 13   65
179       139  3258  485    145  3270  473    154 3245  483     -155  3245  465   -156  3245  465   -158 3259  496   12 13 13   16 15 16   78
180       142  3247  467    150  3247  467    154 3247  467     -161  3242  466   -171  3242  466   -174 3242  466   16 15 15   13 14 13   77
181       143  3269  473    153  3269  473    157 3269  473     -151  3239  465   -151  3239  465   -151 3239  465   11 11 11   12 13 14   65
182       138  3236  462    138  3250  493    138 3250  493     -141  3264  476   -146  3273  476   -149 3273  476   12 13 12   14 14 12   74
183       148  3237  467    147  3237  467    141 3228  486     -140  3236  462   -142  3236  462   -146 3236  462   12 10  9   15 13 14   70
184       141  3259  474    146  3227  488    149 3227  488     -168  3237  467   -168  3237  467   -174 3237  467   12 13 15   10  9  9   62
185       139  3224  488    149  3224  488    151 3224  488     -141  3231  488   -149  3231  488   -155 3230  488   10 12 13   18 19 18   87
186       140  3228  489    146  3228  489    153 3264  470     -139  3224  488   -147  3224  488   -156 3225  487   19 19 21   15 15 16   101
187       147  3226  485    154  3227  485    163 3227  485     -157  3232  468   -164  3246  494   -175 3246  494   10 10 10   15 16 17   75
188       140  3263  477    144  3242  494    149 3263  477     -171  3230  468   -173  3230  468   -173 3230  468   14 13 16   15 21 20   95
189       140  3243  499    146  3243  500    151 3224  492     -148  3225  464   -158  3225  464   -167 3225  464   14 13 13   14 15 14   72
190       145  3246  472    150  3238  498    161 3238  498     -152  3243  499   -159  3236  465   -160 3236  465   15 16 14   10 11 12   78
191       135  3223  465    140  3259  476    142 3259  476     -148  3220  463   -153  3238  492   -161 3238  492   10  9  9   12 10  9   54
192       160  3222  465    159  3222  465    156 3222  465     -134  3219  468   -142  3239  498   -148 3244  496   14 13 13   16 16 18   88
193       148  3256  474    154  3256  474    157 3256  474     -145  3242  476   -154  3220  491   -154 3220  491   12 11 11   16 14 17   72
194       150  3221  491    155  3221  491    155 3221  491     -166  3260  478   -165  3260  478   -168 3260  478   12 13 12   10 10  9   64
195       157  3233  471    167  3233  471    174 3247  498     -176  3263  479   -184  3263  479   -190 3263  479   16 15 14   12 12 12   74
196       143  3244  478    151  3238  490    151 3248  469     -163  3268  480   -174  3268  480   -185 3268  480   10 11 11   17 16 14   76
197       155  3248  478    156  3251  471    161 3248  478     -142  3243  493   -149  3243  493   -158 3243  493   14 14 11   11 11 11   69
198       254  3256  484    255  3256  484    245 3257  484     -155  3257  491   -154  3257  491   -166 3257  491   12 13 14   15 16 15   76
199       141  3259  496    150  3241  494    163 3241  470     -251  3260  485   -252  3260  485   -248 3260  485   11 13 13   21 20 19   91
200       252  3260  485    252  3260  485    248 3260  485     -141  3244  474   -151  3244  474   -165 3244  474   13 14 16   15 15 14   78
201       150  3252  488    153  3252  488    152 3252  488     -252  3260  485   -255  3260  485   -255 3260  485   17 18 12   13 15 13   77
202       255  3262  483    254  3262  483    253 3262  483     -181  3283  481   -183  3283  481   -182 3283  481   15 15 13   14 14 12   74
203       130  3281  480    138  3236  494    154 3236  494     -255  3262  483   -255  3262  482   -254 3264  482   15 14 13   12 15 16   79
204       222  3263  481    227  3263  481    231 3263  481     -153  3249  469   -152  3239  490   -155 3239  490   14 15 17   13 13 13   82
205       151  3264  501    156  3253  488    156 3253  488     -222  3263  481   -227  3263  481   -229 3263  481   14 17 17   13 13 14   79
206       145  3250  465    149  3250  465    156 3250  465     -125  3271  473   -125  3271  473   -127 3271  473    9  9  9   12 13 12   61
207       132  3277  476    138  3277  476    144 3244  486     -137  3250  465   -140  3270  496   -143 3270  496   12 14 15    8  6  7   53
208       151  3248  464    158  3248  464    158 3248  464     -187  3248  466   -191  3248  466   -192 3248  466   17 20 17   17 18 20   103
209       198  3246  464    206  3246  464    208 3246  464     -147  3248  464   -150  3244  462   -157 3244  462   17 17 17   15 17 17   91
210       149  3248  484    155  3243  463    157 3244  462     -198  3246  464   -203  3246  464   -206 3246  464   10 12 14   14 11 11   60
211       146  3277  471    147  3277  471    151 3238  488     -145  3250  468   -145  3242  482   -149 3250  468   16 17 18   14 16 16   85
212       155  3240  459    155  3242  459    162 3242  459     -143  3241  461   -146  3241  461   -154 3238  488   13 14 15   15 13 12   73
213       136  3258  496    142  3258  496    142 3258  496     -131  3236  490   -131  3236  490   -132 3254  488    6  7  6    9  9 10   44
214       145  3252  486    148  3252  486    150 3252  486     -143  3233  483   -149  3233  483   -152 3233  483    7  8  8   17 18 18   70
215       139  3273  471    144  3255  494    149 3237  456     -132  3235  458   -131  3235  458   -132 3254  491   10 11 13   10  8  8   57
216       140  3225  484    148  3225  484    150 3277  468     -150  3227  485   -160  3227  485   -163 3227  485   18 14 15   10 12 13   74
217       129  3268  466    138  3232  477    146 3232  477     -132  3229  476   -142  3229  476   -147 3229  476   11 10 10   16 17 15   70
218       136  3270  470    142  3270  470    142 3270  470     -164  3272  470   -170  3272  470   -172 3272  470   10 10 10   11 11 10   56
219       140  3229  478    145  3229  478    146 3237  462     -136  3270  470   -144  3270  470   -151 3270  470   11 14 16   11 11 12   75
220       124  3258  495    127  3258  495    133 3236  455     -135  3254  492   -145  3254  492   -154 3254  493   11 10 12   15 15 12   69
221       130  3242  460    129  3242  460    138 3241  460     -140  3225  482   -145  3225  482   -145 3225  482   17 14 14   15 14 14   76
222       140  3271  470    148  3271  470    151 3271  470     -135  3225  484   -145  3225  484   -148 3225  484   12 13 16   13 14 12   74
223       140  3260  467    146  3260  467    154 3254  492     -143  3234  461   -148  3234  461   -146 3234  461   14 14 11   11 18 13   78
224       141  3224  479    146  3223  480    144 3223  480     -162  3233  461   -160  3233  461   -162 3233  461   17 16 14   13 12 13   76
225       134  3227  481    144  3227  481    146 3227  481     -138  3264  472   -147  3264  472   -152 3264  472   15 15 15   14 14 14   81
226       138  3231  465    134  3229  487    135 3231  465     -134  3258  467   -141  3258  467   -139 3258  467   13 14 14   17 18 19   87
227       133  3264  468    138  3264  468    140 3264  468     -125  3263  465   -133  3264  465   -134 3265  465   14 12 12   11 13 14   76
228       142  3264  464    151  3264  464    145 3264  464     -142  3265  469   -144  3260  465   -152 3241  483   13 14 14   16 16 13   74
229       130  3242  480    137  3242  480    144 3224  459     -126  3217  484   -136  3217  484   -137 3215  488   13 13 15   15 16 14   80
230       127  3246  488    130  3215  486    131 3243  494     -137  3217  477   -147  3217  477   -150 3217  477   16 16 12   15 14 17   87
231       145  3238  489    153  3238  489    153 3238  489     -140  3219  480   -143  3220  480   -146 3242  491   14 12 15   18 16 16   79
232       140  3254  466    145  3254  466    151 3254  466     -138  3254  470   -143  3254  470   -149 3254  470   19 18 19   11 12 10   84
233       161  3226  459    159  3226  459    160 3226  459     -139  3252  465   -144  3252  465   -146 3252  465   15 15 13   12 10 14   73
234       138  3221  458    143  3238  492    150 3238  492     -176  3224  459   -177  3224  459   -172 3224  459   14 12 11    9  9 10   62
235       150  3244  487    160  3244  487    162 3244  487     -145  3225  483   -153  3225  483   -154 3225  483    5  5  5   12 13 13   47
236       142  3243  494    145  3242  492    147 3242  494     -140  3240  488   -148  3240  488   -148 3240  488   11 11  9    9 10 11   55
237       144  3241  489    152  3241  489    162 3225  463     -145  3229  483   -147  3229  483   -143 3229  483    8  7  8   11 12 12   55
238       144  3240  495    151  3227  463    154 3227  463     -166  3227  461   -164  3227  461   -164 3227  461   10 11 12   11 12 11   67
239       135  3223  484    145  3223  484    149 3223  484     -139  3244  496   -141  3244  496   -140 3244  496   15 14 14   11  9  9   65
240       135  3233  478    139  3222  480    144 3269  465     -136  3247  461   -138  3247  461   -141 3250  492   15 16 15   13 13 13   82
241       150  3268  468    158  3268  468    156 3268  468     -140  3237  463   -146  3266  471   -159 3266  471   15 13 11   15 13 14   78
242       156  3239  476    160  3239  476    169 3238  478     -148  3255  485   -157  3255  485   -154 3255  485   14 14 15   11 11  9   66
243       141  3253  488    150  3255  494    154 3246  462     -142  3271  467   -140  3271  467   -141 3271  467   14 12 13   10 10 10   61
244       139  3246  471    142  3253  485    155 3246  471     -137  3255  494   -142  3260  490   -142 3260  490   12 11 13   13 14 14   68
245       139  3239  479    139  3239  479    140 3241  478     -143  3275  471   -150  3275  471   -162 3275  471   16 17 14   14 14 13   83
246       139  3228  484    145  3241  482    155 3241  482     -175  3241  461   -185  3241  461   -195 3241  461   13 13 12   18 18 18   85
247       142  3232  485    150  3232  485    163 3232  485     -151  3244  470   -154  3269  470   -157 3239  478   11 11 12   20 20 24   94
248       145  3237  457    145  3237  457    156 3228  482     -154  3236  458   -164  3236  458   -167 3236  458   11 13 13   11 12 12   72
249       137  3263  464    138  3217  473    141 3217  473     -149  3236  461   -150  3238  457   -156 3227  476   21 15 16    9 10  7   78
250       148  3227  475    153  3228  476    160 3220  473     -140  3238  478   -147  3229  471   -151 3229  471   12 10 13   12 11 12   64
251       181  3217  453    182  3217  453    180 3217  453     -147  3220  455   -156  3229  461   -162 3220  473   18 19 19   19 17 13   97
252       136  3243  461    143  3243  461    141 3243  461     -141  3239  491   -142  3248  466   -148 3248  466   14 15 15   11 11 14   65
253       171  3217  455    179  3217  455    181 3217  455     -139  3219  476   -144  3213  449   -147 3213  449   15 14 14   15 15 17   85
254       159  3219  457    164  3219  457    163 3219  457     -171  3217  455   -177  3217  455   -177 3217  455   19 16 15   12 13 12   84
255       154  3229  464    156  3229  464    157 3229  464     -150  3221  480   -151  3221  480   -155 3222  480   11 10 11   17 17 16   76
256       152  3226  461    153  3231  467    163 3231  467     -160  3258  469   -171  3258  469   -175 3258  469   16 15 16   18 20 20   102
257       150  3226  463    159  3226  463    169 3226  463     -145  3231  461   -146  3231  461   -149 3231  461   11 11 12   14 13 13   62
258       142  3233  465    144  3233  465    145 3221  486     -140  3257  473   -142  3257  473   -151 3232  467   17 17 21   15 16 16   96
259       153  3225  465    163  3225  465    165 3225  465     -144  3215  488   -147  3255  474   -153 3255  474   14 15 15   11 15 17   83
260       136  3238  488    138  3214  487    141 3214  487     -135  3218  486   -145  3218  486   -149 3218  486   10 10 10   11 13 13   66
261       129  3214  490    138  3217  487    138 3261  479     -137  3242  496   -141  3240  501   -149 3214  486   11 12 12   15 13 14   65
262       146  3241  498    150  3241  498    152 3241  498     -132  3258  477   -137  3220  466   -145 3220  466   13 12 13   10 11 11   63
263       150  3227  486    158  3227  486    163 3227  486     -192  3224  466   -196  3224  466   -197 3224  466   11 12 13   16 17 15   78
264       144  3231  490    151  3246  497    157 3246  497     -143  3253  472   -145  3217  487   -146 3253  472    8  7  8    8  8  9   48
265       149  3237  494    150  3237  494    155 3213  480     -144  3231  490   -155  3231  490   -159 3231  490   15 12 14   10 10 10   64
266       150  3226  483    155  3226  483    157 3226  483     -149  3237  494   -150  3237  494   -148 3237  494   19 17 19   15 13 12   82
267       166  3220  460    173  3220  460    176 3220  460     -139  3229  463   -140  3256  472   -144 3223  479   17 16 13   22 21 18   97
268       160  3255  469    165  3255  469    158 3255  469     -166  3220  460   -173  3220  460   -175 3220  460   18 17 14   12 14 13   85
269       143  3236  490    150  3236  490    153 3219  457     -137  3227  461   -147  3227  461   -152 3227  461   13 15 13   13 13 12   76
270       139  3224  478    145  3224  478    152 3224  478     -146  3215  479   -156  3215  479   -159 3215  479   11 10 11   14 14 14   71
271       140  3218  455    143  3218  455    143 3218  455     -147  3210  478   -147  3235  492   -158 3217  452   15 15 17    9  9 10   70
272       145  3218  479    144  3218  479    147 3218  479     -143  3225  464   -145  3225  464   -146 3225  464   16 16 17   13 13 12   85
273       162  3216  453    159  3216  453    160 3216  453     -142  3248  462   -150  3248  462   -151 3248  462   12 11 13   15 16 13   71
274       155  3216  452    154  3216  452    152 3237  481     -158  3218  453   -161  3218  453   -174 3218  453   15 16 14   14 16 19   88
275       137  3251  462    143  3212  451    147 3251  462     -128  3249  458   -131  3249  458   -130 3249  458   11 12 11   14 11 13   62
276       144  3211  473    152  3211  473    152 3211  473     -146  3247  459   -150  3247  459   -160 3208  445   17 17 15   12 12 15   83
277       143  3234  460    152  3211  469    154 3211  469     -162  3215  453   -170  3214  452   -174 3214  452   11 10 11   11 12 13   59
278       148  3212  449    146  3247  459    153 3247  459     -153  3223  448   -160  3210  471   -163 3210  471   12 11 10   15 14 16   76
279       146  3231  458    146  3231  458    156 3213  470     -143  3218  450   -152  3218  450   -157 3217  456   12 14 13   10 10  9   62
280       145  3207  447    154  3207  447    155 3243  458     -156  3215  456   -157  3215  456   -164 3215  456   12 13 12   14 15 16   73
281       160  3224  455    163  3224  455    163 3224  455     -157  3213  453   -154  3219  470   -160 3206  447   20 18 17   15 16 16   93
282       149  3206  466    158  3201  445    163 3201  445     -152  3211  447   -152  3220  480   -161 3220  480   11 11 12   16 14 18   78
283       144  3234  452    151  3233  453    163 3204  465     -148  3201  445   -158  3201  445   -169 3200  444   19 16 14   12 12 14   81
284       145  3231  453    147  3231  453    152 3231  452     -168  3197  443   -166  3197  443   -166 3197  443   18 13 13   16 14 16   82
285       148  3194  441    145  3215  447    148 3215  447     -166  3194  442   -186  3194  442   -182 3194  442   21 17 18   14 16 15   89
286       138  3228  453    148  3228  453    151 3228  453     -135  3188  436   -139  3209  474   -147 3209  474   14 14 14   13 11 12   72
287       152  3217  450    150  3217  450    153 3209  474     -153  3196  464   -160  3196  464   -162 3190  441   11 11 13   12 11 11   69
288       147  3185  469    157  3185  469    166 3185  469     -163  3192  443   -166  3192  443   -178 3192  443   14 13 14   14 16 15   83
289       166  3201  447    176  3201  447    182 3201  447     -142  3203  467   -149  3203  467   -158 3203  467   15 13 11   14 11 14   75
290       153  3212  454    155  3212  454    157 3212  454     -156  3237  457   -164  3237  457   -162 3237  457   15 13 14   17 17 16   92
291       153  3208  449    159  3208  449    161 3207  450     -149  3206  448   -154  3210  470   -162 3205  449   14 14 14   18 14 13   78
292       161  3210  449    161  3210  449    161 3210  449     -138  3213  470   -142  3213  470   -140 3213  470   20 22 17   11 12 11   84
293       162  3207  472    159  3207  472    161 3207  472     -163  3210  449   -171  3210  449   -174 3210  449   11 11 12   14 13 16   71
294       168  3254  459    173  3254  459    174 3254  459     -162  3207  472   -157  3207  472   -159 3207  472   15 14 14    8  9 12   68
295       141  3231  451    141  3231  451    149 3234  475     -168  3254  459   -173  3254  459   -181 3254  459   13 12 11   13 16 12   76
296       141  3227  457    152  3227  457    156 3235  456     -149  3242  464   -153  3242  464   -152 3242  464   15 17 14   14 13 16   83
297       154  3243  466    156  3243  466    166 3243  466     -151  3227  457   -160  3227  457   -160 3227  457   22 22 19   16 15 17   104
298       140  3258  447    147  3258  447    146 3258  447     -154  3243  466   -156  3243  466   -160 3243  467   16 16 17   13 12 11   76
299       135  3248  423    140  3248  423    133 3250  423     -146  3236  440   -141  3236  440   -145 3236  440   15 15 16   14 13 13   80
300        88  1084  645     91  3231  424    103 3239  442      -97  1352  877    -97  1352  877   -103 3205  410    7  9 11    6  6  8   41
301        92  1727  563     92  1727  563    103 3206  396      -97  2010  780    -97  2010  780   -106 3146  374   11 11 17    8  8 12   58
302        89  2146  550     97  3137  378    103 3159  398      -93  2600  687    -95  3059  388   -109 3060  388   10 13 13    6  8 11   52
303        86  2963  337     94  3073  364    105 3060  388      -92  2987  338    -98  2987  338   -109 2951  367   10 11 11   12 15 14   70
304        85  2955  349     95  2958  374    108 2983  338      -94  2836  352   -101  2830  355   -109 2868  340   14 12 17    9  7  8   64
305        90  2831  355    100  2851  329    110 2844  352      -94  2702  296   -105  2681  292   -116 2683  306   10 11 12   11 11 12   64
306       118  2503  223    114  2503  223    115 2503  223     -106  2528  267   -115  2528  267   -117 2491  268   10 10 15   12 12 12   68
307        99  2497  237    107  2497  237    115 2491  268     -119  2503  223   -117  2503  223   -122 2335  198   12 12 12   19 18 21   85
308        95  2361  215    104  2368  221    116 2366  220     -108  2130  135   -117  2130  135   -126 2130  135    8  8 10   15 15 16   63
309       116  1862   77    110  2162  172    121 2162  172     -103  1912  118   -112  1912  118   -121 1865   83   10  8 11   13 11 12   64
310        99  1860  131    108  1860  131    117 1862  111     -115  1862   77   -113  1694   77   -120 1694   77   12 12 14   21 19 19   89
311       103  1500   40    108  1685   95    117 1682   78     -114  1520   63   -122  1520   63   -131 1520   63   15 14 18   12 10 12   81
312       104  1295   35    106  1491   89    119 1546   82     -103  1500   40   -112  1311   56   -121 1304   55    8  8 10   17 15 17   72
313        99  1343   49    106  1339   85    119 1297   55     -104  1295   35   -112  1204   53   -118 1222   71   13 12 14   14 14 12   76
314        97  1219   68    106  1219   68    116 1219   69     -101  1056   74   -110  1053   59   -118 1067   59   11 11 11   12 17 15   77
315        96  1043   80    105  1051   62    115 1054   55     -113   948   69   -121   948   69   -133  948   69   12 15 14   12 15 15   77
316        95   946   89    104   946   88    115  956   68     -102   856   77   -111   856   77   -122  856   77   13 15 16   13 13 13   77
317        94   891   96    103   888   95    114  888   95     -100   779   99   -107   784  107   -116  782  106    8  8 10   10 12 13   61
318       103   771  102    110   766  106    114  791  109     -131   768  108   -130   768  108   -135  766  108   14 15 16   14 13 14   74
319       153   755  116    162   750   90    168  750   90     -150   732  104   -153   732  104   -163  732  104   16 15 13   12 14 17   83
320       160   728  101    164   728  101    179  728  101     -153   722  110   -155   722  110   -165  722  110   16 18 17   19 20 19   106
321       162   739  106    161   721  110    167  721  110     -158   717   95   -167   717   95   -168  717   95   18 17 17   13 10 13   85
322       153   732  130    160   732  130    170  732  130     -148   744  117   -154   727  134   -162  750   99   12 12 12   15 14 16   81
323       162   724  119    164   724  119    166  724  119     -163   747  119   -162   747  119   -169  747  119   17 15 15   14 10 11   77
324       158   743  117    156   743  117    157  743  117     -154   763  128   -156   749  117   -167  754  122   18 23 18   13 14 14   97
325       173   754   96    174   754   96    171  754   96     -149   761  122   -152   761  122   -152  761  122   16 18 18   14 14 14   82
326       150   755   95    156   755   95    165  731   93     -151   753  121   -160   753  121   -161  753  121   13 18 17   20 17 14   96
327       167   754  118    172   754  118    182  754  118     -154   751  119   -159   729  100   -169  751  119   15 14 16   15 18 14   91
328       168   750  117    173   750  117    180  750  117     -171   759  128   -171   759  128   -167  759  128   16 14 14   15 18 16   85
329       158   757  128    166   757  128    166  731  110     -150   745  121   -157   745  121   -169  745  121   17 17 16   17 19 17   90
330       160   746  113    166   750  128    173  746  113     -154   731  124   -160   720  106   -168  764  129   14 12 14   10 10  9   65
331       159   727  140    168   727  140    172  743  106     -159   750  128   -166   750  128   -171  750  128    7  7  8   15 15 15   64
332       176   741  123    175   741  123    178  741  123     -157   743  106   -166   743  106   -179  743  106   14 14 13   16 18 20   86
333       165   716  132    170   716  132    165  716  132     -178   716  104   -184   716  104   -184  716  104   14 18 18   14 15 14   91
334       255   726  127    255   724  123    248  726  125     -162   743  107   -170   743  107   -172  736  127   15 19 15   18 16 16   96
335       194   723  130    199   723  130    201  726  129     -255   726  124   -250   726  124   -248  726  124    9  8 10   19 19 19   75
336       204   723  133    210   723  133    228  723  133     -255   724  125   -255   727  129   -255  725  126   15 16 16   19 19 18   94
337       218   721  137    215   721  137    216  722  135     -255   726  132   -255   724  131   -252  724  131   21 20 22   20 18 18   108
338       255   719  141    241   719  141    246  715  141     -255   722  137   -255   722  137   -253  720  131   16 13 15   17 17 21   95
339       197   718  144    205   718  144    210  718  144     -255   721  141   -255   720  141   -255  719  139   14 16 14   18 16 17   86
340       197   714  147    204   716  147    207  716  147     -255   718  142   -255   720  144   -255  716  140   16 18 16   19 21 18   102
341       185   710  146    203   713  148    212  713  148     -255   713  144   -255   716  146   -255  713  144   18 16 17   21 18 19   98
342       224   708  147    246   708  147    238  708  147     -213   714  148   -218   713  146   -218  713  146   11 14 15   17 18 19   85
343       152   741  156    155   741  156    158  741  156     -255   709  148   -255   708  147   -249  709  145   17 16 15   22 20 22   100
344       154   701  145    162   711  140    167  711  140     -160   700  151   -164   700  151   -171  726  158   19 18 19   15 19 17   101
345       157   701  149    161   701  149    166  703  163     -159   715  154   -165   737  163   -174  715  154   16 16 15   20 18 21   99
346       155   726  140    159   726  140    154  713  153     -166   725  149   -171   725  149   -176  725  149   15 16 13   15 13 13   79
347       146   725  146    154   725  146    160  725  146     -164   729  132   -173   729  132   -184  729  132   13 16 17   11 11 10   72
348       159   742  133    159   742  133    157  742  133     -152   732  148   -156   732  148   -164  732  148   16 16 18   11 10 13   75
349       163   752  121    169   752  121    170  752  121     -155   756  114   -165   756  114   -171  756  114   18 18 17   10 13 11   82
350       145   737  123    150   737  123    161  737  123     -162   733  133   -166   733  133   -164  733  133   19 21 21   11 13 13   92
351       165   720  149    172   720  149    179  720  149     -164   713  113   -168   713  113   -168  720  146   12 12 13   18 20 19   94
352       145   678  154    153   679  154    160  679  154     -126   679  124   -126   679  124   -124  679  124   19 19 18   13 14 11   83
353       100   650  164    109   650  164    115  651  169      -98   619  161   -106   616  159   -117  615  158    9  9  8   10 12 12   60
354       104   592  137    113   592  137    116  597  174     -101   553  176   -110   553  176   -114  553  176   12 13 15   15 17 16   72
355        94   546  176    102   547  176    114  550  170      -99   477  183   -105   502  183   -114  495  184   12 13 17   13 17 17   77
356        93   485  193    102   483  191    113  475  190     -108   417  196   -117   417  196   -126  417  196   11 14 15   12 12 15   73
357        93   432  200    101   410  208    112  421  203     -108   363  215   -117   363  215   -123  363  215   11 11 15   11 13 15   66
358        92   342  228    101   361  226    112  361  222      -95   258  247   -104   258  247   -114  261  240    6  8  8   10 10 10   52
359        93   276  243    101   273  251    110  260  248     -100   602  623   -103   204  269   -114  204  269   12 11 11    7 10 12   54
360        90   187  273     99   189  255    110  190  252      -95   119  291   -103   121  289   -113  114  291   12 13 16   14 15 15   76
361        90   122  307     99   122  307    109  122  306      -96    19  389   -105    29  401   -116   19  389    9  9  9   12 11 11   51
362        92    16  403    102    16  403    112   19  389      -95   448  799    -95   448  799    -95  448  799   12 12 14    8  8  8   53
363        83   448  799     80   448  799     86    1  910      -96   441  948    -95   441  948    -98  441  948   11 11  8    7  7  7   48
364        88   441  948     87   441  948     90  441  948      -99   499  972    -99   499  972    -99  499  972   10  9 10   11 11 11   54
365        98   499  972     98   499  972     98  499  972      -82   530  806    -83   530  806    -80  530  806    5  5  5    8  8  8   33
366        55    41 1022     55    41 1022     61  149 1050      -92   698  843    -92   698  843    -92  698  843    5  5  5    9  9  9   39
367        77   697  843     77   697  843     77  697  843      -95   621  821    -95   621  821    -95  621  821    8  8  8    5  5  5   36
368        92   621  821     92   621  821     92  621  821      -92   459  987    -92   459  987    -92  459  987    8  8  7    8  8  8   35
369        76  2900  242     80  2900  242     80 2900  242      -85  3184  493    -89  3184  492    -89 3184  492    9  9  9    7  8  8   49
370        83   568 1015     87  3184  492     87 3184  492     -106   552  837   -106   552  837   -106  552  837   12 13 13    7  9  8   59
371       104   552  837    104   552  837    104  552  837      -80   430  915    -80   430  915    -80  430  915    6  6  7    9  9  9   43
372        79   429  915     79   429  915     79  429  915      -50    45 1027    -50    45 1027    -50   45 1027    6  6  6    4  4  6   29
373        56     1  906     56     1  906     56    1  906      -90   383  999    -87   383  999    -88  383  999    6  6  6    7  7  7   33
374        94   383  999     88   383  999     93  383  999      -53    59  962    -53    59  962    -53   59  962    6  6  7    8  8  8   37
375        64    31 1004     64    31 1004     64   31 1004      -47     5 1042    -47     5 1042    -47    5 1042    9  9  9    9  9  9   33
376        64    29 1050     64    29 1050     64   29 1050      -97   474 1076    -97   474 1076    -97  474 1076    6  6  7    6  6  6   30
377        98   474 1076     95   474 1076     96  474 1076      -70   555  955    -69   555  955    -72  555  955    6  6  5   11 12 10   42
378        63    18 1064     60    18 1064     61   18 1064      -79   717  847    -81   717  847    -80  717  847    4  5  4    8 10  8   29
379        81   717  847     81   717  847     81  717  847      -78   758  675    -81   758  675    -80  758  675    6  6  5    6  6  6   32
380        67   758  675     70   758  675     69  758  675      -88   871  393    -88   871  393    -88  871  393    5  5  5    7  7  7   30
381        62    33 1074     62    33 1074     62   33 1074      -63   870  358    -63   870  358    -63  870  358    2  2  2    9  9  9   27
382        54     0  904     54     0  904     54    0  904      -79   949   49    -79   949   49    -79  949   49   10 10 11    9  9  9   49
383        54   143 1062     54   143 1062     54  143 1062      -53   954   10    -53   954   10    -53  954   10    4  4  4   13 12 13   38
384        47   151 1034     47   151 1034     47  151 1034      -73    33 1049    -73    33 1049    -73   33 1049    8  7  7    6  6  6   28
385        75     1  914     76     1  914     76   29 1062      -63    29 1002    -64    29 1002    -61    2  883    8  8  4    9  8  8   40
386        59   151 1034     62   151 1034     58  151 1034      -79    39 1032    -76    39 1032    -81   39 1032    9  8  8    8  8  7   40
387        66    43 1002     66    43 1002     66   43 1002      -70   673   27    -70   673   27    -70  673   27    9  9  9    9  9  9   40
388        49    53 1016     49    53 1016     49   53 1016      -62    44 1027    -62    44 1027    -62   44 1027    7  7  7    7  7  7   33
389        48   146 1033     48   146 1033     48  146 1033      -83   795  209    -83   795  209    -83  795  209    6  6  5    6  6  6   32
390        69   796  209     69   796  209     69  796  209      -74     1 1004    -74     1 1004    -74    1 1004    7  7  7    9  9  9   42
391        60    31 1006     60    31 1006     57   31 1006      -43   144 1077    -43   144 1077    -43  144 1077    7  7  7    3  3  3   24
392        61    50  961     61    50  961     59   50  961      -64    39 1032    -64    39 1032    -69    0 1031   10  8  8    7  7  6   43
393        52    35 1052     52    35 1052     52   35 1052      -59    38 1027    -59    38 1027    -59   38 1027    3  4  3    6  6  5   22
394        50   133 1070     50   133 1070     50  133 1070      -61    49 1018    -61    49 1018    -61   49 1018    5  5  5    7  7  7   24
395        64    51 1078     64    51 1078     64   51 1078      -64   828   40    -64   828   40    -64  828   40    2  2  2    7  7  7   24
396        46     1  930     46     1  930     46    1  930      -49    23  984    -49    23  984    -49   23  984    5  5  5   10  9 10   38
397        45   142 1045     45   142 1045     48  142 1045      -49   120 1069    -49   120 1069    -49  120 1069    8  8  8    4  4  4   30
398        78    51 1074     76    51 1074     76   51 1074      -77    41 1028    -77    41 1028    -77   41 1028    4  4  4    8  8  8   27
399        36    36 1049     36    36 1049     36   36 1049      -55    51 1074    -53    51 1074    -53   51 1074    5  5  6    2  2  3   21
400        62   143 1022     62   143 1022     64  143 1022      -54    15  884    -54   142 1045    -53  142 1045    9  9 10   12 11 10   49
401        74    49  190     74    49  190     74   49  190      -80    65  212    -89    68  210   -100   59  200   11 11 11   10 12 17   66
402        87    66  212     90    68  210     99   63  200      -75   188   74    -83   187   72    -95  183   64   13 12 19   11 13 17   76
403        72   188   74     81   179   68     94  183   64      -64   192   70    -62   192   70    -62  192   70    8 10 12    8  8  7   42
404        54   151 1034     52   151 1034     53  151 1034      -55   638   40    -55   638   40    -55  638   40    4  4  4    7  7  8   27
405        54   638   40     54   638   40     54  638   40      -88   530  177    -88   530  177    -88  530  177    7  7  8   11 11 11   45
406        73   530  177     73   530  177     73  530  177      -77   476  396    -77   476  396    -77  476  396    5  5  5    4  4  3   24
407        71    31 1006     71    31 1006     68   31 1006      -77   390  616    -77   390  616    -77  390  616    9 11  8    7  7 10   49
408        81   141 1048     81   141 1048     81  141 1048      -67    45 1027    -67    45 1027    -67   45 1027    6  6  7    7  7  8   40
409        58    33 1074     58    33 1074     58   33 1074     -125   934  808   -125   934  808   -123  934  808    5  5  5   10 10 11   36
410       125   936  808    125   936  808    125  936  808      -94   520 1025    -96   520 1025    -95  520 1025    8  8  8    8  8  7   40
411        95   520 1025     92   520 1025     96  520 1025      -56   118 1075    -56   118 1075    -56  118 1075    8  8  8    3  3  3   31
412        60     4  881     60     4  881     60    4  881      -52   149 1034    -52    33 1049    -52  149 1034    6  6  6    7  6  7   29
413        49   129 1068     49   129 1068     49  129 1068      -64     1  916    -64     1  916    -64    1  916    4  4  4    8  8  8   30
414        66    49 1018     63    49 1018     69   49 1018      -76   151 1034    -72   151 1034    -73  151 1034    4  4  5   12 11 14   41
415        71    41 1028     71    41 1028     71   41 1028      -53    32  983    -53    32  983    -53   32  983    5  5  5    6  6  6   33
416        49    28 1035     49    28 1035     49   28 1035      -68    31 1006    -68    31 1006    -68   31 1006    6  6  6    9  9  7   31
417        54    19 1016     54    19 1016     54   19 1016      -67    31  992    -67    31  992    -67   31  992   10 10 11    4  4  4   36
418        46   151 1034     46   151 1034     46  151 1034      -40    55 1002    -40    55 1002    -40   55 1002    3  3  3    3  3  3   15
419        51    29 1050     51    29 1050     51   29 1050      -54    47 1030    -54    47 1030    -54   47 1030    4  4  4    3  3  3   18
420        56    49  986     56    49  986     56   49  986      -49   120 1069    -49   120 1069    -49  120 1069   10 10  9    3  3  3   32
421        58    47 1030     58    47 1030     58   47 1030      -63     9  894    -63     9  894    -63    9  894    5  5  6    9  9  9   39
422        75    21 1024     75    21 1024     75   21 1024      -63   141 1030    -64   141 1030    -61  141 1054    6  6  6    4  4  3   28
423        52    57  962     52    57  962     52   57  962      -54    21 1024    -54    21 1024    -54   21 1024    5  5  4    5  5  4   23
424        64    11 1044     64    11 1044     59   11 1044      -61    35  990    -61    35  990    -59  151 1048    6  5  7    5  5  6   28
425        45     3 1004     45     3 1004     45    3 1004      -43   125 1070    -44   125 1070    -43  145 1058    7  5  7    6  6  7   33
426        63     1  910     63     1  910     63    1  910      -60    14 1031    -60    14 1031    -60   14 1031    9  9 11    4  4  4   35
427        48   147 1054     48   147 1054     48  147 1054      -53    49 1018    -53    49 1018    -53   49 1018    4  4  4    9  9  7   31
428        60    43 1026     60    43 1026     60   43 1026      -46    59  962    -46    59  962    -46   59  962    7  7  7    8 11 11   39
429        55    52  987     55    29 1054     56   23 1076      -62    29 1053    -62    29 1053    -64   29 1053   10  8  6    7  6  8   35
430        55    11 1062     55    11 1062     55   11 1062      -54   131 1073    -54   131 1073    -54  131 1073    4  4  4    4  4  3   21
431        53    33 1000     54    33 1000     49   33 1000      -88    29 1054    -88    29 1054    -88   29 1054    6  6  6    4  4  4   24
432        48     8  893     48     8  893     48    8  893      -68   149 1022    -68   149 1022    -68  149 1022    6  6  6    4  4  4   30
433        59    29 1050     59    29 1050     59   29 1050      -38    25 1006    -38    25 1006    -38   25 1006    5  6  5    6  6  6   25
434        47     5 1075     47     5 1075     47    5 1075      -53     0 1011    -53     0 1011    -53    0 1011    5  5  5    8  8  8   33
435        36    43 1062     36    43 1062     36   43 1062      -49    38 1011    -49    38 1011    -49   38 1011    7  7  5    5  5  5   28
436        57   120 1068     60   120 1068     62  142 1045      -80    29 1054    -80    29 1054    -80   29 1054    3  3  4    4  4  4   22
437        50     1  910     50     1  910     50    1  910      -73    51 1078    -73    51 1078    -73   51 1078    4  4  5    2  2  2   18
438        47    31 1003     47    31 1003     47   31 1003     -100    47 1030   -100    47 1030   -100   47 1030    6  6  6    7  8  7   30
439        56    47 1030     56    47 1030     56   47 1030      -53    53 1002    -53    53 1002    -53   53 1002    6  6  6   11 11 10   38
440        57    44 1027     57    44 1027     57   44 1027      -74    41 1028    -74    41 1028    -74   41 1028    3  3  3    5  5  5   21
441        49    32 1048     49    32 1048     49   32 1048      -50   149 1040    -50   149 1040    -50  149 1040    5  6  7    8  8  8   35
442        54   151 1034     54   151 1034     54  151 1034      -63    59  962    -63    59  962    -63   59  962    6  6  6    4  4  4   30
443        47   152 1009     47   152 1009     47  152 1009      -58    41 1028    -58    41 1028    -58   41 1028    5  5  6    6  7  8   29
