1          47   724  799     49   724  799     48  724  799      -31   736  852    -31   736  852    -31  736  852    3  4  4    1  1  1   9
2          30   220  578     30   220  578     30  220  578      -30   864  788    -30   864  788    -30  864  788    4  4  4    3  3  3   21
3          42   737  708     42   737  708     42  737  708      -30   737  834    -30   737  834    -30  737  834    3  4  4    2  2  2   14
4          31   403  734     31   403  734     29  403  734      -26   369  798    -26   369  798    -26  369  798    4  4  4    2  2  3   16
5          31   659  764     31   659  764     29  659  764      -43   316  753    -43   316  753    -43  316  753    3  3  3    4  4  4   15
6          29   268  612     29   268  612     29  268  612      -33   266  617    -33   266  617    -33  266  617    2  2  2    3  3  3   15
7          38   902  784     40   902  784     39  902  784      -32   229  595    -32   229  595    -32  229  595    3  3  3    4  4  4   15
8          29   595  832     29   595  832     31  595  832      -54   232  189    -54   232  189    -54  232  189    2  2  2    6  5  5   18
9          37   232  189     37   232  189     37  232  189      -55   147  283    -55   147  283    -55  147  283    8  8  8    5  5  5   27
10         48   738  625     48   738  625     48  738  625      -99  1610  773    -99  1610  773    -99 1610  773    6  6  6    6  6  6   28
11         98  1610  773     98  1610  773     98 1610  773     -100  1455  755   -100  1455  755   -100 1455  755    8  8  8    3  3  3   24
12        102  1455  755    102  1455  755    102 1455  755      -86  1136  813    -87  1136  813    -84 1136  813    4  4  4    3  3  3   15
13         87  1136  813     87  1136  813     89 1136  813      -74   238  511    -74   238  511    -74  238  511    3  3  3    7  7  7   24
14         74   238  511     74   238  511     74  238  511      -85   519  546    -85   519  546    -85  519  546    5  5  5   11 11  9   27
15         85   519  546     85   519  546     85  519  546      -80   320  421    -80   320  421    -80  320  421    6  5  5    6  5  5   21
16         81   320  421     81   320  421     81  320  421      -65   220  309    -65   220  309    -65  220  309    7  7  6    5  5  5   19
17         55   220  309     52   220  309     55  220  309      -56   229  239    -57   229  239    -54  229  239    9  8  8    6 11 10   35
18         43   229  239     43   229  239     43  229  239      -30   184  623    -31   184  623    -28  184  623    3  3  3    6  6  7   25
19         32   721  828     32   721  828     32  721  828      -33   877  842    -33   877  842    -33  877  842    3  3  3    2  2  2   6
20         36   626  763     36   626  763     36  626  763      -29   659  764    -29   659  764    -29  659  764    3  3  3    3  3  3   18
21         33   668  784     33   668  784     33  668  784      -28   661  677    -28   619  776    -28  661  677    3  3  3    8  7  7   17
22         27   319  724     27   319  724     27  319  724      -49   726  774    -49   726  774    -49  726  774    6  6  5    4  4  4   18
23         32   727  774     32   727  774     32  727  774      -35   661  677    -35   661  677    -35  661  677    3  3  3    5  5  4   18
24         33   693  823     32   693  823     31  231  635      -32   726  633    -32   726  633    -32  246  632    5  6  6    4  6  7   22
25         30   735  577     30   735  577     30  735  577      -32   724  696    -32   724  696    -30  724  696    4  3  3    6  3  4   20
26         27   316  753     27   316  753     27  316  753      -27   870  842    -27   870  842    -27  870  842    4  4  5    3  3  3   15
27         32   735  852     32   735  852     32  661  677      -26   391  739    -26   391  739    -26  391  739    1  1  2    6  6  6   16
28         33   732  571     33   732  571     33  732  571      -32   675  712    -32   675  712    -32  675  712    3  3  4    4  4  4   19
29         30   675  712     30   675  712     30  675  712      -26   661  677    -26   661  677    -26  661  677    6  6  7    3  3  3   13
30         80   633  759     80   633  759     80  633  759      -38   632  757    -38   632  757    -38  632  757    5  5  5    4  3  4   15
31         44   632  757     44   632  757     44  632  757      -61   633  759    -61   633  759    -61  633  759    2  2  2    8  9  8   21
32         40  1450  856     43  1450  856     40 1450  856      -41   667  764    -42   667  764    -37  667  764    2  2  4    4  3  4   14
33         33   635  757     31   635  757     29  633  758      -39   634  756    -41   634  756    -47  634  756    5  4  4    3  3  3   16
34         25   646  842     25   646  842     25  646  842      -26   232  641    -26   232  641    -26  232  641    2  2  2    3  3  4   10
35         27   369  798     28   687  609     27  369  798      -34   396  710    -34   396  710    -34  396  710    4  5  5    5  5  5   17
36         85   875  791     85   875  791     85  875  791      -31   846  785    -31   846  785    -31  846  785    5  5  5    6  6  6   27
37         27   625  816     27   625  816     27  625  816      -89   875  791    -89   875  791    -89  875  791    3  3  3    4  4  4   12
38         41   807  683     41   807  683     41  807  683      -49   608  642    -52   608  642    -51  608  642    6  7  7    5  4  4   21
39         50   608  642     45   608  642     45  608  642      -60   585  578    -60   585  578    -62  585  578    9  6  6    8  7  6   28
40         58   585  578     58   585  578     58  585  578      -82   580  486    -82   580  486    -82  580  486    3  3  3    5  6  6   19
41         80   580  486     80   580  486     80  580  486      -54   573  413    -54   573  413    -54  573  413    4  5  3    9  6  5   26
42         55   573  413     55   573  413     55  573  413      -57   610  258    -57   610  258    -57  610  258    8  5  7    6  7  7   30
43         59   610  258     62   610  258     61  610  258      -99   692   71    -99   692   71    -99  692   71    7  7  8    5  5  5   27
44         97   692   71     97   692   71     97  692   71      -28   653  699    -28   653  699    -28  653  699    6  6  6    3  3  3   12
45         32   653  699     32   653  699     32  653  699      -44   917  791    -44   917  791    -44  917  791    4  4  3    6  6  5   16
46         43   917  791     43   917  791     43  917  791      -29   316  753    -29   316  753    -29  316  753    2  2  2    3  3  4   10
47         23   866  787     24   901  820     25  738  627      -34   738  626    -34   738  626    -32  659  764    3  4  5    5  8  4   19
48         22   381  721     22   381  721     22  381  721      -35   124  637    -35   124  637    -35  124  637    2  2  2    4  4  4   9
49         37    74  642     37    74  642     37   74  642      -25   868  775    -25   868  775    -26  338  699    4  4  4    2  2  3   13
50         30  1458  857     30  1458  857     30 1458  857      -38   369  798    -38   369  798    -38  369  798    1  1  1    5  5  5   9
51         48   666  705     48   666  705     48  666  705      -21   234  675    -21   234  675    -21  234  675    5  5  4    3  3  3   11
52         31  1448  857     31  1448  857     31 1448  857      -48   474  825    -48   474  825    -48  474  825    1  1  1    2  2  2   9
53         48   474  825     48   474  825     48  474  825      -94   380  504    -94   380  504    -94  380  504    2  2  2    5  5  5   21
54         94   380  504     94   380  504     94  380  504      -61   329  153    -60   329  153    -63  329  153   10  8  8    7  6  9   33
55         59   329  153     59   329  153     59  329  153      -44  1450  856    -44  1450  856    -44 1450  856    4  4  4    2  2  2   18
56         41  1448  856     41  1448  856     41 1448  856      -36  1450  857    -36  1450  857    -35 1450  856    2  2  2    2  2  3   7
57         32   633  730     32   633  730     32  633  730      -40  1464  856    -40  1464  856    -40 1464  856    4  4  4    2  2  2   18
58         38  1463  855     38  1463  855     38 1463  855      -37  1460  857    -37  1460  857    -37 1460  857    3  3  3    1  1  1   12
59         36   622  843     33   622  843     34  622  843      -30   148  620    -30   148  620    -30  148  620    3  3  3    2  2  2   12
60         35   660  745     35   660  745     35  660  745      -25   227  618    -25   227  618    -25  227  618    4  4  4    3  3  3   12
61         26   722  800     27   122  644     29  928  839      -32   720  691    -32   671  704    -33  671  704    7  4  3    7  7  9   28
62         32   666  705     32   666  705     32  666  705      -52   693  823    -52   693  823    -52  693  823    4  4  4    2  2  2   11
63         41   828  816     41   828  816     41 1449  856      -36  1451  857    -36  1451  857    -36 1451  857    3  3  2    1  1  1   11
64         25  1459  857     25  1459  857     25 1459  857      -28   666  705    -28   666  705    -28  666  705    2  2  2    5  5  4   6
65         31   870  842     29   870  842     30  877  842      -31   389  738    -31   389  738    -34  400  697    2  2  3    3  3  4   11
66         36   725  775     36   725  775     36  725  775      -47   369  798    -47   369  798    -49  369  798    3  3  3    4  5  5   14
67         38   369  798     38   369  798     40  369  798      -40  1459  857    -40  1459  857    -40 1459  857    2  2  2    2  2  2   12
68         29   403  649     29   403  649     29  403  649      -49   693  823    -42   693  823    -44  693  823    3  3  3    4  4  4   15
69         49   311  662     47   306  658     49  311  662      -55   312  666    -58   312  666    -57  312  666    8  7  7    9  9  6   32
70         36   303  679     36   303  679     36  303  679      -28   305  671    -28   305  671    -28  305  671    4  4  4    7  8  4   19
71         27   653  731     27   653  731     27  653  731      -45   310  660    -45   310  660    -45  310  660    5  5  6    4  4  4   18
72         34   828  816     34   828  816     34  828  816      -66   338  618    -66   338  618    -66  338  618    4  4  4    4  4  4   18
73         65   338  618     65   338  618     65  338  618      -50   810  760    -50   810  760    -50  810  760    4  4  4    6  6  6   24
74         50   810  760     48   810  760     49  810  760      -64  1451  857    -64  1451  857    -64 1451  857    4  4  4    1  1  1   12
75         46  1449  856     46  1449  856     46 1449  856      -44   231  634    -44   231  634    -42  231  634    1  1  1    3  3  3   9
76         35  1451  857     33  1451  857     35  403  649      -40  1449  856    -42  1449  856    -45 1449  856    2  1  2    2  2  3   8
77         39   877  842     39   877  842     37  877  842      -39   661  677    -39   661  677    -39  661  677    2  2  2    6  6  5   10
78         34  1449  856     34  1449  856     34 1449  856      -33   877  842    -33   877  842    -33  877  842    2  2  2    4  4  4   12
79         46   309  673     41   309  673     40  309  673      -31   307  673    -33   307  673    -33  299  683    4  4  3    3  3  3   16
80         38   639  847     37   738  626     37  639  847      -26   198  712    -28   309  675    -27  309  675    3  4  3    5  6  7   22
81         42   693  823     42   693  823     42  693  823      -50   341  356    -53   341  356    -52  341  356    3  3  4    3  3  3   15
82         46   341  356     49   341  356     48  341  356      -51   317  529    -51   317  529    -51  317  529    6  5  5    5  4  4   24
83         50   317  529     50   317  529     50  317  529      -55   298  641    -53   227  603    -54  298  641    8  8  9    3  5  4   26
84         49   227  603     49   227  603     49  227  603      -44  1559  381    -44  1559  381    -44 1559  381    3  3  3    5  5  5   21
85         41   300  641     41   300  641     41  300  641      -71  1707  759    -71  1707  759    -71 1707  759    2  2  2    4  4  4   15
86         69  1707  759     69  1707  759     69 1707  759      -66  1720  781    -66  1720  781    -66 1720  781    4  4  3    5  5  5   18
87         63  1720  781     63  1720  781     63 1720  781      -26   294  637    -26   294  637    -26  294  637    7  6  6    6  5  5   21
88         63   293  641     63   293  641     63  293  641      -47   292  640    -47   292  640    -47  292  640    7  5  5    5  5  5   32
89         78   286  631     78   286  631     78  286  631      -62   295  637    -62   295  637    -62  295  637    6  6  6    7  7  7   33
90         38  1460  857     40  1460  857     39 1460  857      -32   724  799    -32   724  799    -32  724  799    2  2  2    4  6  6   17
91         63   292  640     63   292  640     63  292  640      -53   284  631    -53   284  631    -51  284  631    6  5  5    4  5  6   30
92         38  1450  856     38  1450  856     38 1450  856      -33  1448  852    -33  1448  852    -33 1448  852    2  2  2    4  4  4   18
93         31   902  784     31   902  784     31  902  784      -41   231  634    -41   231  634    -41  231  634    3  3  3    4  4  4   9
94         42   311  779     42   311  779     42  311  779      -39   294  637    -39   294  637    -39  294  637    4  4  4    5  5  5   17
95         35   316  753     35   316  753     35  316  753      -41   724  747    -41   724  747    -41  724  747    3  3  3    5  5  5   12
96         35   877  842     35   877  842     35  877  842      -37   387  816    -37   387  816    -35  387  816    3  3  3    2  2  2   9
97         54  1448  856     54  1448  856     56 1448  856      -59   727  774    -59   727  774    -59  727  774    2  2  3    4  4  5   16
98         40   306  686     38   734  771     41  232  633      -37   901  833    -37   726  833    -37  901  833    9  7 10    5  4  5   25
99         38   387  816     38   387  816     36  387  816      -43   633  823    -43   633  823    -43  633  823    5  5  5    2  2  2   18
100        26   307  666     26   307  666     26  307  666      -26   227  585    -26   227  585    -26  227  585    5  5  5    5  5  5   18
101        37   579  857     36   579  857     39  579  857      -28   294  641    -28   294  641    -28  294  641    1  1  1    3  3  3   9
102        32   387  816     32   387  816     32  387  816      -28   294  641    -28   294  641    -31  596  840    5  5  5    4  4  3   17
103        35   297  651     35   297  651     35  297  651      -36   877  842    -36   877  842    -34  877  842    4  4  4    3  3  3   18
104        61   866  773     59   866  773     60  866  773      -40   579  857    -41   579  857    -39  653  699    8  7  9    1  1  2   25
105        38   718  809     38   704  773     39  112  663      -49   726  774    -49   726  774    -49  726  774    3  4  3    6  4  6   25
106        46   664  649     46   664  649     46  664  649      -46   300  625    -46   300  625    -46  300  625    5  5  5    4  4  3   19
107        49   396  709     49   396  709     49  396  709      -40   288  526    -40   288  526    -40  288  526    5  5  5    4  4  4   21
108        38   288  526     40   288  526     40  288  526      -63   213  586    -63   213  586    -61  213  586    8  6  6    4  4  5   20
109        57   213  586     56   213  586     61  213  586      -36   154  585    -36   154  585    -36  154  585    6  6  5    6  6  6   23
110        26   733  575     26   733  575     26  733  575      -25   351  735    -25   351  735    -25  351  735    3  3  3    5  5  5   15
111        30   877  842     30   877  842     30  877  842      -29   705  692    -29   705  692    -29  705  692    4  4  4    3  3  3   15
112        30   822  817     30   822  817     30  822  817      -34   877  842    -37   877  842    -36  877  842    3  4  3    2  2  2   9
113        43  1914  708     44  1914  708     40 1909  708     -114  1911  708   -124  1914  705   -134 1911  708    4  5  3    7  7  9   31
114       114  1911  708    124  1911  708    132 1911  708     -111  1895  661   -118  1896  658   -125 1894  661    5  5  5   10 13  8   46
115       109  1893  662    117  1894  661    127 1894  661     -104  1874  600   -115  1874  600   -125 1874  600    4  6  6    7  6  8   34
116        99  1870  603    113  1870  603    121 1873  600      -97  1842  553   -110  1847  551   -116 1848  550    3  7  9    9 10 12   44
117        97  1842  553    109  1847  551    116 1848  550      -92  1811  476   -105  1811  476   -115 1814  471    6  7  9   13 15 13   52
118        90  1804  478    103  1810  476    112 1814  471      -90  1784  430   -100  1784  430   -110 1784  430   11 12 15   13 10 10   64
119        86  1785  433     99  1784  430    108 1787  424      -88  1748  378    -98  1746  380   -112 1750  379    7  8  9   11 11 13   56
120        84  1742  381     97  1751  385    111 1750  379      -83  1719  346    -96  1719  346   -105 1709  338   10  8 15    9  8 10   48
121        81  1719  346     96  1719  346    104 1709  338      -84  1693  312    -94  1693  312   -103 1693  312   10  9 11    9 12 12   49
122        81  1678  307     94  1678  307    102 1690  305      -83  1667  285    -93  1654  280   -103 1654  279    7 10 10    9 13 14   53
123       101  1657  265    106  1657  265    112 1654  279     -106  1654  265   -114  1654  265   -118 1654  265   12 12 11    9 11 11   52
124       113  1645  258    116  1653  268    124 1645  258     -109  1649  256   -119  1649  256   -130 1650  258   14 10 12   10 11 10   60
125       116  1642  266    123  1641  266    128 1641  266     -126  1647  255   -132  1647  255   -142 1647  255    9  8  8    7  7  7   43
126       112  1636  267    118  1636  267    120 1646  261     -114  1643  267   -122  1640  262   -126 1643  255    9  8 10    8  7  7   43
127       255  1642  262    255  1642  262    244 1642  262     -109  1639  258   -114  1638  263   -123 1638  263   15 16 15   16 12 12   76
128       132  1642  264    143  1642  264    128 1642  264     -218  1642  261   -213  1642  261   -217 1642  261    8 10 10   12 13 13   55
129       124  1642  269    124  1642  269    129 1642  269     -206  1641  263   -203  1642  262   -201 1642  262   10 10 10   11 12 11   55
130       125  1646  264    121  1646  264    120 1645  274     -230  1643  263   -226  1643  263   -232 1643  263    9  9  7   16 15 14   55
131       159  1647  264    174  1647  264    173 1647  264     -247  1644  264   -246  1644  264   -231 1644  264   10 10 10   11 11 10   62
132       147  1648  263    149  1648  263    142 1648  263     -225  1646  264   -217  1646  264   -215 1646  264   10 10  9   11 11 11   47
133       203  1649  262    210  1649  262    196 1649  262     -176  1647  263   -179  1647  263   -185 1647  263   15 13 13   12 13 12   72
134       185  1648  261    181  1648  261    173 1648  261     -173  1649  263   -170  1649  263   -173 1649  263   12 11 11   12 12 13   52
135       216  1649  260    223  1648  260    212 1648  260     -200  1648  262   -216  1648  262   -213 1648  262   12 11 11   12 15 17   69
136       198  1648  259    211  1648  259    203 1648  259     -197  1648  261   -195  1649  261   -205 1649  261   12 13 13   10  9  9   65
137       186  1647  257    174  1647  257    178 1647  257     -142  1648  259   -155  1648  259   -162 1648  259   10 14 13   12 12 11   60
138       248  1646  256    255  1646  256    245 1646  256     -168  1647  258   -177  1647  258   -194 1647  258   10 10  9    6  6  7   39
139       245  1643  255    237  1644  255    216 1644  255     -151  1645  256   -160  1645  256   -175 1645  256    9  9  8    9  9 10   48
140       254  1641  253    253  1642  253    245 1642  253     -167  1643  255   -184  1643  255   -179 1643  255   12 13 13   10 10 10   64
141       251  1639  251    253  1640  251    249 1640  251     -186  1641  253   -187  1641  253   -191 1641  253   11 10 11    9  9  9   51
142       219  1639  249    209  1639  249    210 1639  249     -158  1639  251   -176  1639  251   -179 1639  251    9  9 10    7  6  7   43
143       129  1639  248    129  1639  248    127 1639  248     -109  1647  247   -117  1647  247   -120 1647  247    8  9  7    8  8 10   42
144       164  1641  248    166  1641  248    157 1641  248     -175  1639  250   -164  1639  250   -161 1639  250   11 13 13   10 10  8   53
145       127  1642  247    127  1642  247    122 1642  247     -250  1640  248   -255  1640  248   -255 1640  248   12 11 12   14 13 14   66
146       113  1632  239    122  1632  239    129 1641  252     -172  1642  248   -170  1642  248   -157 1641  247    9  9  9    9  8  9   45
147       112  1637  241    113  1631  251    113 1644  256     -204  1643  247   -203  1643  247   -191 1643  247    8  7  6    9  9  9   39
148       110  1644  254    116  1644  254    119 1644  254     -107  1655  242   -115  1655  242   -120 1655  242    8  9 10    4  4  4   39
149       131  1645  245    139  1645  245    142 1645  245     -116  1643  251   -121  1652  242   -123 1652  242    5  6  6    9 11 10   42
150       123  1634  247    131  1634  247    135 1634  247     -122  1643  237   -130  1643  237   -130 1641  242   17 10 14   15 14 12   69
151       100  1647  250    104  1647  250    105 1647  250     -111  1646  249   -108  1646  249   -109 1646  249    6  6  6    4  4  4   27
152       116  1643  244    121  1643  244    120 1633  248     -122  1634  246   -130  1634  246   -135 1634  246    9 10  8    6  6  6   39
153       105  1637  245    110  1637  245    108 1637  245     -117  1649  238   -123  1649  238   -124 1649  238    9 11 11   10 11 11   57
154       107  1652  238    113  1652  238    120 1652  238      -97  1639  246    -98  1629  246    -98 1629  246    9  9  9    9  9  9   48
155       101  1631  243    107  1631  243    113 1631  243     -120  1641  249   -125  1641  249   -125 1641  249   11 10 10   10  9  9   46
156       109  1630  232    119  1630  232    126 1630  232     -109  1628  242   -110  1628  242   -112 1630  234    9 10  8   10  8 10   39
157       109  1628  242    114  1628  242    114 1628  242     -114  1632  242   -123  1630  243   -127 1630  243   10 10 11   11  9 10   50
158       119  1631  232    121  1631  232    121 1631  232      -94  1636  233    -94  1639  249   -104 1639  249   10  9  8    9  7  8   43
159       104  1630  244    111  1630  244    108 1630  244     -101  1638  248   -107  1638  248   -107 1637  249    5  6  7    8  8  7   35
160       114  1646  234    115  1637  249    119 1637  249     -108  1650  239   -109  1650  239   -109 1650  239    5  4  4    6  6  7   26
161       104  1630  230    109  1640  248    116 1640  248     -102  1642  246   -108  1631  232   -108 1638  247    9  8  8    7  8  6   39
162       110  1637  247    114  1637  247    115 1637  247      -97  1630  229   -108  1630  229   -107 1630  229    8  8  8    8  8  9   43
163        98  1639  246    102  1639  246    106 1639  246     -110  1640  248   -117  1640  248   -118 1640  248   10  9 10    6  6  5   34
164        96  1627  241     99  1627  241     99 1640  248     -101  1639  245   -106  1639  245   -110 1631  241   14 12 10   11  9 13   58
165       107  1631  241    117  1631  241    123 1631  241      -98  1639  243   -103  1633  233   -103 1633  233   10 10  9   10 11  9   49
166       100  1653  233    100  1633  233    102 1653  233     -100  1630  242   -105  1630  242   -105 1640  246   13 12 13   11 11 11   61
167       120  1639  246    128  1639  246    131 1639  246     -108  1632  232   -112  1632  232   -115 1652  234   10  9  9    6  6  8   43
168        89  1640  237     96  1628  240    105 1628  240      -97  1630  232   -105  1629  242   -111 1629  242   12 12 11   11 11 11   53
169       113  1648  235    114  1648  235    120 1648  235     -119  1634  235   -122  1634  235   -129 1639  246   10  9  9   11 11  9   53
170       109  1638  236    110  1636  239    117 1639  246     -119  1627  241   -125  1632  236   -126 1632  236   11  9  9   10 11 13   51
171       112  1635  238    115  1635  238    121 1626  231     -118  1628  231   -126  1628  231   -133 1644  232    6  6  6   11 14 13   50
172       112  1633  238    117  1633  238    121 1634  236     -123  1628  238   -131  1628  238   -132 1628  238   10 10 12   10 13 12   63
173       102  1635  246    105  1635  246    107 1623  239     -109  1628  233   -115  1630  242   -118 1630  242   10 11 14   11 10 10   57
174       102  1617  241    103  1617  241    103 1617  241     -111  1618  243   -120  1618  243   -120 1618  243    7  6  7    9  9  8   41
175       105  1641  235    107  1621  230    105 1641  235     -106  1641  233   -115  1641  233   -118 1641  233   10 11 10    9  8  8   46
176       123  1621  242    133  1621  242    138 1621  242     -107  1620  245   -117  1641  235   -120 1641  235    8  8  8    9  9  9   43
177       110  1632  245    114  1632  245    114 1632  245     -111  1621  233   -119  1621  233   -119 1621  233    6  6  6   10 11 11   48
178       110  1628  250    112  1621  233    112 1621  233     -110  1632  245   -110  1632  245   -110 1629  251    8  7  8    7  7  6   31
179       113  1619  231    123  1619  231    123 1619  231     -104  1629  246   -104  1629  246   -105 1629  246   13  9  9   10  9 11   52
180       122  1629  239    122  1629  239    122 1629  239     -123  1625  233   -125  1629  248   -132 1629  248    8  7  7   10  8  8   41
181        98  1616  243    105  1638  236    109 1638  236     -109  1627  247   -114  1637  235   -114 1637  235    8  8  9    8  9 10   45
182       109  1625  246    112  1638  234    123 1638  234     -116  1616  243   -116  1616  243   -116 1616  243    8 10 10   10  9  9   46
183       111  1637  236    116  1637  236    121 1637  236      -98  1613  243    -99  1615  247   -102 1617  233   12 11 12   11 11 13   58
184        99  1612  242    104  1612  242    104 1612  242     -105  1616  232   -112  1616  232   -102 1616  232    8  9  7   12 13 14   54
185       101  1611  244    101  1611  244    101 1611  244     -121  1615  244   -129  1615  244   -135 1615  244    8  9  9    9  8  7   50
186       109  1614  244    117  1614  244    117 1614  244     -114  1631  239   -113  1631  239   -117 1631  239   10 11 10    9  7  7   49
187       113  1613  242    118  1613  242    118 1613  242     -136  1615  243   -141  1615  243   -141 1615  243    8  8  8   10 10 12   53
188       110  1621  247    115  1621  247    115 1621  247     -115  1622  249   -121  1622  249   -126 1622  249    9  9  9    7  8  7   40
189       112  1612  246    122  1612  246    122 1612  246     -116  1609  247   -116  1609  247   -116 1609  247    7  7  8    7  7  7   40
190       115  1621  239    123  1630  237    128 1630  237     -108  1616  237   -114  1616  237   -113 1611  244    9 10  7    9 10  9   51
191       105  1611  235    102  1607  242    108 1611  235     -100  1606  244   -103  1610  232   -101 1624  250    6  7  8    9 10  8   42
192       112  1618  247    108  1622  249    110 1618  247     -107  1630  237   -111  1630  237   -107 1609  234    7  6  7    9 10 10   46
193       116  1608  241    126  1608  241    128 1608  241     -109  1620  239   -114  1631  239   -116 1609  242   13 14 14   11 11 11   65
194       126  1616  237    127  1616  237    129 1616  237     -122  1620  242   -130  1620  242   -138 1620  242   11  7 10    9 10 10   46
195       126  1620  235    130  1620  235    141 1621  234     -108  1622  244   -116  1622  244   -115 1622  244   11 12 12    9 11 12   64
196       122  1620  243    128  1620  243    124 1624  234     -115  1619  246   -123  1619  246   -127 1619  246   10 11 11   12 12 12   66
197       126  1625  235    131  1628  251    137 1628  251     -116  1630  238   -122  1630  238   -125 1630  238    7  7  8   12 11 12   46
198       202  1629  242    199  1629  242    190 1629  242     -124  1628  251   -126  1628  251   -125 1628  251    8  8  8    9  9  9   45
199       108  1620  247    118  1620  247    127 1620  247     -255  1629  242   -253  1629  242   -242 1629  242    6  7  7   11 10 10   44
200       232  1630  242    233  1630  242    225 1630  242     -107  1642  237   -115  1642  237   -122 1642  237    9  9  9    7  8  8   38
201        97  1624  232     98  1624  232     98 1622  236     -231  1631  242   -225  1631  242   -215 1631  242    8 10  8   12 11 12   50
202       255  1631  241    255  1631  241    249 1631  241     -103  1632  252   -110  1632  252   -113 1632  252    8  8  9    9  9  8   42
203       110  1632  251    112  1632  251    110 1632  251     -255  1631  241   -255  1631  241   -255 1631  241    9  9  9   11 10 10   46
204       199  1631  240    202  1631  240    209 1631  240      -95  1631  251   -105  1631  251   -107 1631  251    7  7  8    7  7  7   40
205       102  1632  250    113  1632  250    116 1632  250     -199  1631  240   -202  1631  240   -210 1631  240    9  9  9    9  9  8   43
206       118  1631  247    126  1631  247    135 1631  247     -100  1631  249   -105  1630  249   -109 1630  249    6  6  7    9  8  8   38
207       111  1621  243    121  1621  243    120 1621  243     -115  1631  247   -116  1631  247   -118 1631  247    7  7  9   10 10  9   45
208       109  1631  247    116  1618  243    120 1618  243     -102  1632  249   -104  1632  249   -102 1632  249   10 10 14    8  9 10   48
209        94  1631  239    101  1622  233    104 1622  233     -106  1618  243   -116  1621  231   -118 1621  231    8  9 10    9  9  9   51
210       105  1631  244    114  1621  231    117 1631  244     -107  1624  240   -110  1624  240   -113 1628  230    8  9  8   11 11 13   47
211       113  1626  245    117  1618  244    122 1618  244     -123  1628  244   -130  1628  244   -134 1628  244    8 10  9    5  6  6   44
212       106  1619  239    114  1617  227    119 1617  227     -100  1619  231   -107  1619  231   -102 1636  236    9  9 10   12 15 13   59
213       107  1629  248    111  1629  248    113 1629  248     -102  1626  243   -109  1626  243   -106 1626  243   10 10 10   10 10 10   45
214       103  1626  243    109  1626  243    109 1626  243     -112  1634  232   -113  1634  232   -113 1619  231    9  8  8    9  9 11   54
215        99  1618  227    101  1633  231    103 1633  231      -98  1633  233    -98  1633  233   -102 1627  245   11 10 11   10 10 11   59
216        93  1614  228     96  1639  234     96 1639  234      -98  1637  235    -91  1615  239    -96 1615  239    7  6  7    8  9  8   43
217       103  1616  238    110  1616  238    108 1616  238      -97  1614  238   -100  1636  232   -107 1636  232    7  7  7    7  8  8   44
218        99  1637  231    109  1637  231    115 1637  231     -103  1638  232   -105  1638  232   -108 1638  232   12 12 12   10  8  8   60
219       116  1614  239    126  1614  239    129 1614  239      -98  1634  235   -100  1634  235   -102 1634  235   11 12 12    7  7  7   44
220       106  1617  230    108  1629  247    109 1629  247     -112  1613  240   -122  1613  240   -125 1613  240    7  5  5    9  9  9   35
221        94  1629  246    100  1615  229    104 1615  229      -97  1627  247   -104  1627  247   -109 1627  247    7  8 11    8  7  8   42
222       116  1616  227    124  1616  227    128 1616  227      -94  1612  242    -96  1616  229    -99 1615  230    9 10  9   12 10 10   49
223       110  1626  243    114  1626  243    116 1626  243     -104  1617  232   -106  1616  231   -109 1617  232   12  8  9   12 12  9   53
224       103  1612  239    106  1621  246    108 1621  246     -109  1614  229   -112  1614  229   -112 1614  229    9  8  8   11 10 10   45
225       104  1613  240    110  1613  240    110 1613  240     -113  1622  245   -119  1622  245   -116 1622  245    9  9  9   12 13 13   50
226       109  1615  232    109  1622  245    107 1615  232     -107  1629  233   -107  1629  233   -108 1622  247   11 10 13   11 10  8   53
227        89  1611  226     93  1611  226     92 1611  226     -101  1614  231   -108  1614  231   -111 1614  231    9  9  9    8  8  8   42
228       111  1613  242    111  1613  242    113 1613  242     -104  1612  229   -112  1612  229   -115 1612  229    6  6  6    6  7  6   36
229        98  1631  234     99  1631  234    105 1631  234     -105  1607  244   -108  1622  246   -110 1622  246    8 10 11   13 11 10   54
230       102  1623  243    101  1623  243    102 1621  247     -109  1608  238   -119  1608  238   -121 1608  238   10  7  8   16 16 12   63
231       119  1619  244    127  1619  244    124 1619  244      -98  1624  243   -104  1624  243   -105 1618  246    7  7  8    9  9  8   45
232       105  1610  239    110  1610  239    110 1610  239     -108  1627  235   -112  1627  235   -116 1627  235    8  8  8    8  8  9   40
233       105  1627  235    110  1627  235    118 1627  235     -101  1626  232   -109  1608  230   -109 1608  230   11 11  9    8  9  8   48
234       119  1610  229    121  1610  229    126 1610  229     -126  1620  247   -133  1620  247   -138 1620  247    8  8  8    9  9  9   48
235       128  1622  243    132  1622  243    133 1622  243      -97  1628  231    -98  1628  231    -95 1608  240   10 10 10   12 13 12   49
236       104  1614  230    111  1614  230    117 1614  230     -114  1611  243   -115  1611  243   -115 1611  243   10  9  9   11  9  9   41
237       113  1632  236    120  1632  236    118 1632  236      -97  1621  246   -101  1632  234   -105 1632  234   11 11 11    9  9 10   58
238       105  1628  234    106  1628  234    108 1628  234      -95  1629  233   -101  1612  231   -106 1612  231    7 10  9   10  9  9   50
239       107  1620  246    116  1620  246    123 1620  246     -100  1621  248   -107  1621  248   -111 1621  248    7  7  8    7  7  7   34
240       100  1609  243    103  1625  244    102 1625  244     -104  1623  244   -107  1623  244   -112 1623  244    9  9  9   12 12 13   53
241       108  1613  231    118  1613  231    126 1622  243     -109  1633  236   -111  1633  236   -118 1633  236   10 10  8   10 11 10   51
242       125  1619  238    132  1619  238    131 1619  238     -125  1627  233   -131  1627  233   -134 1627  233    8  8  7    9  9  8   41
243       125  1622  234    129  1622  234    132 1622  234     -114  1629  233   -118  1629  233   -119 1629  233   11  9  9    8  8  9   47
244       106  1617  232    119  1617  232    123 1617  232     -106  1616  231   -112  1616  231   -109 1616  231    9  8  7   11 11 11   44
245        94  1628  247    101  1628  247    101 1628  247      -91  1636  232    -90  1636  232    -93 1636  232    8  8  9   12 11 10   50
246       104  1628  236    110  1628  236    113 1628  236     -109  1623  235   -116  1623  235   -112 1621  239    9  8  9   14 13 12   62
247       114  1628  234    117  1628  234    117 1628  234     -123  1622  233   -129  1617  240   -134 1617  240    9 10  8    8  7  8   47
248       128  1618  239    124  1618  239    129 1614  241     -120  1621  232   -123  1619  237   -131 1619  237    9  9 10    9  8  8   49
249       108  1616  238    113  1616  238    111 1610  238     -128  1618  231   -130  1618  231   -132 1618  231   13 12 11    9  9  8   53
250       117  1613  238    123  1610  236    132 1610  236     -116  1614  235   -125  1614  235   -128 1614  235   10 10 10   13 12 11   57
251       112  1620  229    119  1619  232    121 1620  229     -136  1614  230   -144  1614  230   -153 1614  230   13 12 12   11 11 10   63
252        98  1616  243    103  1605  240    103 1605  240     -104  1612  229   -104  1603  239   -107 1603  239    7  7  7    9  9  9   48
253        88  1603  240     89  1608  237     95 1627  227     -100  1606  224   -106  1606  224   -112 1606  224   10  9 10   11 13 12   56
254       121  1611  236    124  1611  236    126 1610  237     -113  1618  233   -119  1618  233   -116 1618  233   11 10 10   12 12 13   52
255       122  1614  233    127  1615  229    130 1615  229     -115  1611  240   -124  1611  240   -125 1611  240   10 11 11    7  7  8   54
256       125  1617  229    132  1617  229    131 1617  229     -110  1612  241   -116  1612  241   -119 1612  241   15 16 16   13 13 13   73
257       117  1610  241    123  1610  241    126 1611  241     -113  1608  228   -111  1608  228   -112 1608  228    9 10 11   10  9 10   53
258        95  1610  243    101  1610  243    104 1610  243      -99  1627  233    -97  1627  233    -95 1627  233   10 10 10   12 12 11   59
259        95  1612  233     97  1622  245     99 1622  250     -107  1620  245   -115  1620  245   -120 1620  245    5  5  4    6  6  6   29
260       102  1607  243    102  1607  243    102 1607  243     -104  1610  242   -110  1610  242   -110 1610  242    9  8 13    6  7  8   37
261        90  1622  244     92  1622  244     93 1622  244     -108  1607  243   -110  1627  234   -108 1607  243    8  8  6    8  9  7   34
262       117  1608  232    116  1608  232    114 1608  232      -95  1613  229   -100  1609  233   -107 1609  233    8  8  8    6  5  5   37
263        99  1613  243    101  1622  250    105 1622  250      -93  1618  246    -97  1618  246    -99 1619  246    7  6  6    8  8  9   38
264       111  1608  246    111  1608  246    111 1608  246     -100  1606  246   -106  1606  246   -106 1606  246    7  7  7    8  9  9   41
265       103  1606  246    107  1606  246    107 1606  246     -101  1608  229   -105  1607  228   -105 1607  228    5  5  5    8 11 11   42
266       108  1625  233    106  1625  233    107 1607  241     -119  1618  247   -117  1618  247   -116 1618  247   14 13 12   10 11 10   58
267       114  1607  244    122  1607  244    122 1607  244     -111  1610  231   -118  1610  231   -120 1610  231    9 10 12   11 10 11   58
268       102  1608  242    111  1608  242    118 1608  242     -115  1608  240   -123  1608  240   -130 1608  240    8  8  7    9  9  8   46
269        99  1620  243    104  1618  245    108 1618  245      -94  1631  235    -95  1631  235    -97 1625  231    9  8  8    8 11 11   55
270       102  1629  234    102  1629  234    102 1629  234     -107  1606  228   -117  1606  228   -119 1606  228   11 12 12   10  9 11   59
271        98  1606  228    108  1606  228    110 1606  228     -106  1617  247   -111  1617  247   -113 1617  247    7  6  8    7  6  6   32
272       108  1604  237    112  1604  237    112 1604  237     -103  1614  227   -101  1612  233   -106 1614  227   10  8  7    9  8  9   45
273       109  1606  237    116  1606  237    116 1606  237     -117  1622  230   -117  1622  230   -117 1622  230    9  9  9   10  9  8   54
274        95  1602  241     95  1602  241     95 1602  241     -101  1603  235   -111  1603  235   -111 1603  235    7  8  9   11 13 14   53
275       120  1603  236    125  1603  236    125 1603  236     -104  1605  237   -109  1605  237   -109 1605  237   12 12 10    9  6  9   50
276       101  1604  224    109  1604  224    109 1604  224     -107  1604  235   -117  1604  235   -120 1604  235    8  9  9    8  8  9   43
277       112  1614  234    117  1614  234    119 1608  236     -121  1607  235   -124  1607  235   -132 1612  225   11 12 10    8  9 10   45
278       113  1603  234    111  1603  234    117 1623  226     -127  1605  235   -137  1605  235   -144 1605  235   11 11 12    6  7  7   47
279       114  1606  235    121  1606  235    123 1602  237     -125  1608  229   -125  1608  229   -127 1608  229    7  6  5   12 12 12   44
280       116  1600  234    121  1600  234    121 1600  234     -110  1620  230   -112  1620  230   -113 1610  239    8  9  8   11  9  9   47
281       111  1606  222    114  1603  234    115 1603  234     -126  1606  227   -121  1602  233   -124 1606  227   10  9  8   11 13 13   59
282       110  1609  230    113  1609  230    114 1600  222     -113  1606  222   -116  1604  228   -118 1604  228   10  6 11   12 11 12   52
283       103  1607  231    113  1608  228    117 1610  239     -118  1608  236   -121  1608  236   -125 1598  232   12 12 10    8  8  9   50
284       115  1600  232    116  1606  229    116 1600  232     -123  1602  225   -129  1602  225   -133 1602  225   10 10  9   13 12 13   58
285       111  1594  230    118  1594  230    119 1616  223     -111  1603  233   -115  1615  222   -119 1594  232    6  6  7    9  9  9   40
286       107  1607  237    108  1593  219    116 1593  219     -101  1604  237   -104  1604  237   -104 1604  237   10 11  9    9  9  9   51
287        88  1594  235     88  1608  235     88 1602  220     -107  1614  225   -106  1614  225   -105 1592  218    7  7  9    7  8  9   36
288       123  1597  232    131  1592  234    131 1592  234     -109  1608  238   -117  1605  229   -122 1615  227   10  8  8    6  7  7   34
289       124  1603  226    129  1603  226    137 1604  223     -113  1607  230   -118  1607  230   -124 1600  234   11  8 11   16 13 12   57
290       119  1606  224    124  1604  232    132 1606  224     -121  1603  234   -120  1610  229   -119 1612  225   11 10  9   10  9  9   55
291       127  1607  227    129  1607  227    130 1607  227     -106  1611  232   -111  1611  232   -115 1604  235    8  9 10    7 10  8   44
292       121  1602  235    131  1602  235    138 1602  235     -107  1615  227   -111  1615  227   -110 1615  227    9  9  9   12 13 13   58
293       111  1611  224    113  1611  224    119 1611  224     -113  1613  234   -113  1613  234   -115 1604  225    8  7  8    8  8  9   36
294       113  1611  228    116  1612  225    127 1612  225     -112  1617  230   -114  1615  242   -118 1616  231   17 19 19    6  3  5   61
295       118  1613  235    125  1613  235    132 1613  235     -114  1618  231   -122  1618  231   -122 1610  237    8 10  8   10 10 10   53
296       118  1620  237    124  1617  235    127 1621  237     -118  1621  232   -123  1621  232   -127 1621  232   11 12 11   10 13 13   64
297       125  1623  235    128  1621  233    140 1623  235     -119  1620  237   -126  1620  237   -124 1620  237   14 14  9    9  6  7   49
298       110  1621  223    114  1621  223    119 1621  223     -109  1625  223   -115  1625  223   -121 1624  221   13 14 13    6  7  8   49
299       111  1621  217    118  1621  217    118 1617  222     -101  1619  222   -109  1621  214   -122 1621  214    8  9  9    6  8  9   40
300        77  1604  217     90  1620  215    102 1619  212      -78  1592  207    -88  1592  207   -103 1602  199    8 11 13   12 12 17   66
301        79  1587  204     89  1595  199    102 1602  201      -81  1559  201    -90  1567  195   -103 1568  193   10 12 14    5  8 10   54
302        81  1559  201     89  1562  199    102 1568  193      -83  1532  192    -93  1528  181   -105 1545  187    8 10 13    8 10 11   55
303        82  1528  192     92  1521  190    104 1545  187      -87  1475  183    -96  1475  183   -109 1475  183    7  7  8   10 10 10   51
304        85  1475  183     94  1475  183    107 1475  183      -89  1432  175    -98  1432  175   -109 1447  175   10 10 11    8  8 11   50
305        88  1432  175     98  1433  171    108 1447  175      -93  1352  149   -103  1341  153   -113 1341  153    5  6  8   14 11 11   49
306        90  1334  152    101  1334  152    111 1359  154      -95  1254  132   -104  1277  136   -116 1271  125   14 12 12   11  9 12   60
307        93  1275  135    102  1276  135    115 1276  135      -97  1167   96   -105  1167   96   -118 1167   95    6  6  7   13 12 21   60
308        94  1182  109    103  1184  110    113 1182  109      -99  1055   80   -108  1055   80   -119 1062   75   10  9  9   11 13 12   55
309        96  1062   87    105  1062   87    117 1061   81      -99   946   61   -106   929   61   -116  941   50    8  8  9   12 11 18   55
310        99   930   65    105   945   61    117  931   55      -99   858   47   -108   859   47   -116  844   38    8  9 13    9  9 11   51
311        96   869   50    105   869   50    116  844   38      -99   763   33   -107   763   33   -118  750   31    9 10 11   11 10 13   57
312        97   747   43    106   747   43    117  773   41      -97   648   40   -106   666   33   -118  653   28    7  7  8    7 10 11   36
313        97   669   41    105   668   39    118  668   39      -97   598   38   -106   598   38   -117  615   37    5  7  7    9 11 11   45
314        95   601   40    105   592   35    115  615   37      -97   539   43   -105   539   41   -114  533   30    8 10 11    9 10 17   50
315        94   539   43    103   539   41    114  527   31      -96   474   34   -105   474   34   -116  474   35   10  9 14    9 12 13   55
316        94   480   44    102   468   43    115  475   35      -95   444   47   -104   442   46   -113  424   39   10 12 17   11 11 12   63
317        94   444   47    103   442   46    112  438   45      -95   391   53   -102   392   54   -113  392   54    8 10 12    8  7  7   52
318        93   392   54    102   392   54    113  392   54      -94   372   50   -103   372   50   -113  378   57    9  9 11   12 12 10   57
319       135   366   48    141   366   48    142  366   48     -127   365   51   -132   365   51   -142  365   51   14 14 12   13 15 15   73
320       128   364   50    131   364   50    143  364   50     -140   366   55   -145   366   55   -155  366   55   10 12 12   13 11 11   60
321       134   372   58    135   372   58    140  364   52     -128   362   58   -133   361   58   -138  363   65   10 10 11    8  6  5   48
322       120   379   62    122   371   53    129  371   53     -117   377   64   -126   377   64   -137  377   64    7  9  8   10 11 11   53
323       120   363   65    124   363   65    124  363   65     -141   373   59   -136   373   59   -140  373   59    9  9  9    7  6  7   44
324       128   382   62    128   382   62    130  365   49     -125   365   51   -125   382   64   -132  382   64   11 11 14   16 13 13   70
325       121   365   51    124   365   51    123  365   51     -109   365   49   -108   365   49   -106  365   49   11 14 12    7  9 10   57
326       121   368   62    119   368   62    121  368   62     -110   368   64   -116   366   45   -118  366   45    8  9 10   10 10 10   53
327       127   374   46    127   374   46    129  374   46     -122   375   45   -131   375   45   -138  375   45    9  9  8    9  9  9   46
328       129   372   53    133   372   53    139  367   53     -138   366   58   -143   366   58   -151  366   58   12 13 10   10  8  8   53
329       132   366   55    140   366   55    149  366   55     -126   370   60   -133   370   60   -143  370   60   10 11  9   12 14 13   57
330       139   373   56    140   373   56    144  373   56     -122   365   62   -128   373   51   -136  373   51   10 11 10   11 10 10   47
331       125   365   64    129   365   64    129  365   64     -124   363   67   -131   363   67   -138  363   67   12 13 13    9  9  8   49
332       121   363   66    126   363   66    130  363   66     -124   377   68   -126   377   68   -126  377   68    7  8  7    8  8  8   46
333       129   376   67    136   376   67    147  376   67     -116   371   50   -125   371   50   -126  371   50   11 10 10    9  9  9   57
334       247   363   62    240   362   62    231  362   61     -120   358   55   -130   358   55   -138  361   65   14 14 14   12 11 13   74
335       133   369   64    138   369   64    138  362   64     -224   363   62   -225   363   62   -220  363   62   12 12 11   14 14 13   70
336       206   361   66    203   361   66    204  361   66     -255   362   63   -255   362   63   -255  362   63   12 11 12   15 15 15   73
337       211   360   68    206   360   68    198  360   68     -244   361   65   -247   361   65   -241  361   65   10 11 11   13 15 12   63
338       173   359   70    167   359   69    178  359   69     -255   360   66   -255   360   66   -252  360   66   15 15 16   18 15 15   84
339       193   359   72    174   359   72    171  359   72     -252   359   69   -255   359   69   -248  359   69    8  9  9   12 11 13   56
340       165   357   73    159   357   73    163  357   73     -241   358   70   -234   358   70   -231  358   70    8  9  7    9  9 10   49
341       146   356   74    164   356   74    160  356   74     -240   358   73   -255   357   72   -255  357   72    9 11 10   12 14 13   61
342       169   354   72    182   354   73    177  354   73     -130   356   79   -128   356   79   -127  356   79   11 10 10   12  9  9   53
343       137   351   65    147   351   65    152  351   65     -255   355   73   -255   354   73   -249  355   73   10  9  9   13 12 13   62
344       139   351   67    145   351   67    150  365   79     -139   351   69   -142   363   79   -141  362   68    8  8  8   10 10 12   42
345       145   351   69    147   351   69    152  351   69     -139   362   70   -142   359   77   -150  357   77   18 18 18   15 14 14   93
346       125   360   77    133   363   69    135  357   77     -129   362   73   -137   362   73   -140  362   73   15 16 16   10 12 11   65
347       133   363   73    141   363   73    140  363   73     -126   365   65   -134   365   65   -140  365   65   14 14 12   15 14 15   72
348       131   367   67    140   367   67    140  367   67     -133   366   73   -140   366   73   -152  366   73   12 12 14    7  9  9   60
349       136   381   70    143   381   70    153  381   70     -124   364   63   -125   363   65   -128  364   63    8  8  7    6  6  7   37
350       118   369   64    128   369   64    136  369   64     -124   372   66   -125   362   63   -124  362   63   12 14 12    9 11 10   55
351       108   356   74    108   356   74    113  362   66     -127   357   72   -129   357   72   -134  360   73    7  7  7    9 10 10   43
352       118   342   77    123   342   77    127  342   77     -133   343   75   -141   343   75   -138  343   75   12 11 11   11 10 10   58
353        94   325   81    103   325   81    113  325   73      -95   298   86   -102   297   82   -113  297   77    9 10 12    9 10 12   52
354        94   298   86    101   297   82    113  295   77      -95   270   79   -104   270   79   -113  270   81    9 10 12    8 11 13   57
355        94   273   91    102   285   86    114  270   81      -95   251   91   -103   238   94   -112  236   87    6  8 12   11 11 13   49
356        92   238   94    101   238   94    110  236   87      -96   208   98   -105   208   98   -115  208   98    8  9 12   13 11 11   48
357        92   212  103    101   210  101    111  210  101      -93   171  108   -102   174  107   -112  180  111    8  9  9    8  9  8   43
358        92   172  112    101   180  111    112  180  111      -93   130  119   -101   132  120   -110  128  117    7  7  8   10  9 10   44
359        90   130  124     99   129  123    109  128  117      -93    97  129   -100    97  128   -109   93  128    8  9 10    9 12 11   39
360        89    95  135     98    96  129    109   93  128      -92    57  145   -101    57  145   -107   57  145    6 10 10   11  9 11   51
361        90    61  153     99    61  153    102   61  153      -95     5  186   -103     9  194   -111    9  194    9 10  9   10 10 11   53
362        92     9  200    101     9  194    109    9  194      -53   224  399    -53   224  399    -53  224  399    8  9 10    5  6  5   33
363        44   224  399     41   224  399     43  588  851      -36   220  474    -38   635  732    -38  220  474    4  5  5    4  3  4   23
364        37   220  474     36   220  474     39  220  474      -57   249  486    -57   249  486    -57  249  486    4  5  4    7  8  6   27
365        57   249  486     57   249  486     57  249  486      -67  1606  676    -67  1606  676    -67 1606  676    3  3  4    5  5  5   21
366        48  1606  676     48  1606  676     48 1606  676      -49   348  421    -49   348  421    -49  348  421    4  4  4    5  5  5   24
367        44   649  717     44   649  717     44  649  717      -66   311  410    -66   311  410    -66  311  410    7  7  7    5  6  6   30
368        63   311  410     63   311  410     63  311  410      -71  1506  846    -71  1506  846    -71 1506  846    6  6  6    3  3  3   18
369        74  1506  846     74  1506  846     74 1506  846      -68  1592  246    -68  1592  246    -68 1592  246    2  2  2    4  4  4   18
370        64  1592  246     64  1592  246     64 1592  246      -72  1735  381    -71   276  418    -72 1735  381    4  4  4    8  6  7   26
371        70   276  418     70   276  418     70  276  418      -47   214  457    -47   214  457    -47  214  457    6  7  6    5  5  5   27
372        44   214  457     44   214  457     44  214  457      -55   209  567    -55   209  567    -55  209  567    5  5  5    8  6  7   24
373        55   209  567     55   209  567     55  209  567      -57   191  499    -57   191  499    -57  191  499    2  2  2    7  7  7   21
374        62   191  499     56   191  499     61  191  499      -37   878  842    -37   877  842    -37  878  842    5  5  5    3  2  3   17
375        34   877  842     35   877  842     34  878  841      -26   626  816    -26   626  816    -26  712  836    2  2  3    3  3  3   10
376        27   700  710     27   700  710     27  700  710      -51   237  538    -51   237  538    -51  237  538    3  4  3    6  6  6   20
377        52   237  538     49   237  538     50  237  538      -33   277  477    -32   277  477    -35  277  477    4  4  4    5  5  6   21
378        34   729  853     34   729  853     34  729  853      -41   359  424    -43   359  424    -42  359  424    4  3  3   10  8  8   19
379        39   358  423     39   358  423     39  358  423      -56   391  305    -56   391  305    -56  391  305    8  8  8    3  3  3   24
380        52   391  305     52   391  305     52  391  305      -42   435  196    -42   435  196    -42  435  196    7  7  7    5  5  5   27
381        42   731  626     42   731  626     42  731  626      -36   846  785    -36   846  785    -36  846  785    6  6  6    3  3  3   18
382        37   312  666     37   312  666     37  312  666      -33   692  629    -33   692  629    -33  692  629    4  4  4    4  4  4   15
383        33   308  674     33   308  674     33  308  674      -27   717  792    -27   717  792    -27  717  792    6  6  6    4  4  4   15
384        43   294  641     43   294  641     43  294  641      -28   311  661    -28   311  661    -28  311  661    3  3  3    4  4  4   18
385        48   667  706     43   667  706     42  667  706      -33   879  854    -30   879  854    -31  879  854    7  6  6    2  3  2   15
386        33   633  823     30   633  823     33  637  716      -40   350   35    -40   350   35    -40  350   35    3  2  3    6  7  6   21
387        32  1463  855     32  1463  855     32 1463  855      -41   901  833    -41   901  833    -41  901  833    3  3  3    4  4  4   18
388        45   396  709     46   396  709     43  901  833      -29   647  759    -29   647  759    -29  647  759    4  4  3    5  5  4   19
389        47   729  853     47   729  853     47  729  853      -36   398  116    -36   398  116    -36  398  116    4  3  4    6  6  6   21
390        30   729  744     30   729  744     30  729  744      -39   402  732    -39   402  732    -39  402  732    3  3  4    3  3  3   10
391        28   626  816     28   626  816     30  626  816      -26   821  827    -26   821  827    -26  821  827    4  4  4    2  2  2   9
392        35   657  661     33   657  661     34  657  661      -53   867  787    -53   867  787    -53  867  787    3  3  4    7  4  5   25
393        34   720  651     34   720  651     34  720  651      -42   725  775    -42   725  775    -42  725  775    6  6  6    5  5  5   21
394        60   396  709     60   396  709     60  396  709      -33   821  827    -33   821  827    -33  821  827    7  7  7    4  4  4   23
395        25   821  827     25   821  827     25  821  827      -62   396  709    -62   396  709    -62  396  709    3  3  4    5  5  5   15
396        49   396  709     49   396  709     49  396  709      -27   821  827    -27   821  827    -27  821  827    3  3  3    5  5  5   15
397        38   382  776     38   382  776     38  382  776      -29   736  608    -29   736  608    -29  736  608    3  3  3    5  5  5   15
398        33   396  710     33   396  710     33  396  710      -41   293  641    -41   293  641    -41  293  641    4  4  5    6  6  6   20
399        29   229  595     29   229  595     29  229  595      -28   692  629    -28   596  846    -28  596  846    6  6  6    2  2  2   18
400        37   669  733     33   387  816     32  669  733      -32   584  825    -32   584  825    -29  584  825    6  4  6    4  7  4   20
401        37    33   98     37    33   98     37   33   98      -80    33  105    -88    29  100    -91   29  100    4  4  4    7  8  9   36
402        79    33  105     87    29  100     90   29  100      -75    87   44    -82    83   40    -90   83   40    4  6  6    5  6  6   30
403        72    83   39     81    83   40     89   83   40      -42    83   35    -43    83   35    -38   83   35    4  5  5    5  5  5   26
404        28   316  753     28   316  753     28  316  753      -27   687  612    -27   687  612    -27  687  612    4  3  5    2  2  2   10
405        30   400  697     30   400  697     30  400  697      -41   264   89    -41   264   89    -41  264   89    5  5  5    6  7  5   18
406        47   396  709     47   396  709     47  396  709      -32   675  735    -32   675  735    -32  675  735    3  4  4    2  2  2   15
407        27   736  562     32   736  562     30  736  562      -38   195  307    -38   195  307    -38  195  307    7  7  5    8  7  7   25
408        27   195  307     27   195  307     27  195  307     -103   423  682   -102   423  682   -105  423  682    4  3  4    6  6  7   27
409       103   423  682    103   423  682    103  423  682     -109   467  404   -109   467  404   -107  467  404    4  4  4    5  5  4   23
410       106   467  404    106   467  404    106  467  404      -57   260  512    -59   260  512    -58  260  512    7  7  7    5  5  5   27
411        58   260  512     55   260  512     56  260  512      -33   403  734    -33   403  734    -33  403  734    7  6  6    4  4  4   19
412        32   668  765     32   668  765     30  668  765      -34   688  616    -34   688  616    -34  688  616    5  4  5    5  5  5   20
413        23   403  734     23   403  734     23  403  734      -32   730  747    -32   730  747    -32  730  747    4  3  4    7  6  6   15
414        31   150  614     28   742  667     30  657  712      -35   650  716    -35   650  716    -32  650  716    8  7  6    6  6  4   24
415        31   659  850     32   715  805     29  380  764      -50   396  709    -50   396  709    -50  396  709    3  4  4    4  3  4   16
416        45   396  709     45   396  709     45  396  709      -32   653  791    -32   653  791    -32  653  791    4  4  5    3  3  3   18
417        35   655  691     35   655  691     35  655  691      -66   396  709    -66   396  709    -66  396  709    5  5  5    6  6  6   18
418        28   901  833     28   901  833     28  901  833      -30   389  784    -30   389  784    -30  389  784    2  2  2    3  3  3   9
419        28   717  717     28   717  717     28  717  717      -35   400  696    -35   400  696    -35  400  696    5  5  5    4  4  4   15
420        28   875  773     28   875  773     28  875  773      -41   420  761    -42   420  761    -39  420  761    2  2  2    5  5  4   11
421        44   633  823     41   633  823     42  633  823      -26   348  678    -26   348  678    -26  348  678    4  4  4    4  5  4   12
422        30   712  836     33   712  836     32  712  836      -40   633  823    -40   633  823    -40  633  823    6  3  5    4  5  7   19
423        27   400  696     27   400  696     27  400  696      -26   705  731    -26   705  731    -26  705  731    5  5  5    6  5  5   18
424        24   631  850     28   655  691     26  703  776      -32   821  827    -32   821  827    -32  821  827    2  4  4    2  3  4   9
425        35   633  823     35   633  823     35  633  823      -28   655  691    -28   655  691    -28  655  691    5  4  4    6  6  5   18
426        50   721  828     50   721  828     50  721  828      -40   420  761    -40   420  761    -40  420  761    4  4  4    6  7  7   15
427        38   622  843     34   680  707     34  680  707      -41   657  712    -41   657  712    -41  657  712    2  4  3    6  6  6   19
428        26   369  798     26   369  798     26  369  798      -27   740  665    -27   740  665    -27  740  665    2  2  2    4  4  4   12
429        29   691  605     29   691  605     29  691  605      -36   387  816    -35   729  853    -35  729  853    6  7  6    3  2  3   19
430        32   828  816     32   828  816     32  828  816      -30   440  838    -30   440  838    -30  440  838    3  4  3    4  4  3   10
431        48   900  833     48   900  833     48  900  833      -32   413  772    -32   413  772    -32  413  772    5  5  6    2  2  2   15
432        32   653  791     32   653  791     32  653  791      -34   440  838    -34   440  838    -34  440  838    4  4  4    3  3  3   13
433        27   863  752     27   863  752     27  863  752      -30   634  757    -30   634  757    -30  634  757    6  6  6    4  4  3   18
434        29   634  757     29   634  757     29  634  757      -45   396  709    -45   396  709    -45  396  709    3  3  3    7  7  6   15
435        31   719  835     31   719  835     31  719  835      -30   403  734    -30   403  734    -30  403  734    2  2  2    3  3  3   12
436        30   630  845     30   396  709     30  396  709      -35   615  756    -35   615  756    -35  615  756    6  6  8    4  5  4   22
437        28   437  770     28   437  770     28  437  770      -40   396  709    -40   396  709    -40  396  709    5  4  6    3  3  3   15
438        61   396  709     61   396  709     61  396  709      -27   633  823    -27   633  823    -27  633  823    5  6  6    2  2  2   20
439        27   697  752     27   697  752     27  697  752      -67   396  709    -67   396  709    -67  396  709    5  4  5    6  6  5   18
440        49   607  853     49   607  853     49  607  853      -36   913  826    -36   913  826    -36  913  826    3  3  3    5  6  6   20
441        29   666  668     29   666  668     29  666  668      -32   369  798    -32   369  798    -30  369  798    4  4  4    4  5  4   19
442        48   933  840     48   933  840     48  933  840      -46   747  755    -46   747  755    -46  747  755    4  4  4    4  4  4   24
443        41   623  840     41   623  840     41  623  840      -49  1125  857    -49  1125  857    -49 1125  857    4  4  5    2  2  2   9
