0		114	132  1911 708	0.98893
1		116	121  1873 600	0.999568
1		117	116  1848 550	0.999684
1		118	112  1814 471	0.999523
1		119	-112  1750 379	0.999938
1		120	111  1750 379	0.99999
1		121	104  1709 338	0.999568
1		122	-103  1654 279	0.999198
1		123	-118  1654 265	0.902882
1		124	-130  1650 258	0.985233
1		125	-142  1647 255	0.998055
1		126	-126  1643 255	0.696414
2		128	-218  1642 261	1
2		129	-206  1641 263	1
2		130	-232  1643 263	1
2		131	-247  1644 264	1
2		132	-225  1646 264	1
3		134	185  1648 261	0.839444
4		136	211  1648 259	0.868407
4		137	186  1647 257	1
5		139	245  1643 255	1
6		141	253  1640 251	1
6		142	219  1639 249	1
6		143	129  1639 248	0.992337
6		144	-175  1639 250	0.873267
7		146	-172  1642 248	1
7		147	-204  1643 247	1
7		148	-120  1655 242	0.675679
7		149	142  1645 245	0.99994
8		152	-135  1634 246	0.966839
8		153	-124  1649 238	0.992444
8		154	120  1652 238	0.99957
8		155	-125  1641 249	0.999804
8		156	126  1630 232	0.958492
8		157	-127  1630 243	0.947288
8		158	121  1631 232	1
9		161	116  1640 248	0.59839
9		162	115  1637 247	0.925905
10		164	-110  1631 241	0.70421
10		165	123  1631 241	0.999588
11		167	131  1639 246	0.998925
11		168	-111  1629 242	0.991425
11		169	-129  1639 246	0.841413
11		170	-126  1632 236	0.972554
11		171	-133  1644 232	0.986783
11		172	-132  1628 238	0.989384
11		173	-118  1630 242	0.882119
11		174	-120  1618 243	0.99687
11		175	-118  1641 233	0.815691
11		176	138  1621 242	0.999991
12		179	123  1619 231	0.999098
13		181	-114  1637 235	0.876413
13		182	123  1638 234	0.560391
13		183	121  1637 236	0.999618
14		185	-135  1615 244	1
15		187	-141  1615 243	1
15		188	-126  1622 249	0.80414
16		190	128  1630 237	0.976446
17		193	128  1608 241	0.977391
17		194	-138  1620 242	0.745171
17		195	141  1621 234	0.999999
17		196	128  1620 243	0.527216
17		197	137  1628 251	0.974442
17		198	202  1629 242	1
18		201	-231  1631 242	1
19		204	209  1631 240	1
19		205	-210  1631 240	1
20		208	120  1618 243	0.986221
20		209	-118  1621 231	0.999004
21		211	-134  1628 244	0.989713
21		212	119  1617 227	0.974004
22		217	110  1616 238	0.660548
22		218	115  1637 231	0.779714
22		219	129  1614 239	1
23		221	-109  1627 247	0.762651
23		222	128  1616 227	1
23		223	116  1626 243	0.511861
24		225	-119  1622 245	0.720098
24		226	109  1615 232	0.894066
24		227	-111  1614 231	0.998971
25		229	-110  1622 246	0.584893
25		230	-121  1608 238	0.998774
25		231	127  1619 244	0.999999
26		233	118  1627 235	0.815691
26		234	-138  1620 247	0.972274
26		235	133  1622 243	1
26		236	117  1614 230	0.545881
26		237	120  1632 236	0.999445
26		238	108  1628 234	0.575692
27		241	126  1622 243	0.95945
28		243	132  1622 234	0.96169
28		244	123  1617 232	0.966502
28		245	101  1628 247	0.606096
29		247	-134  1617 240	0.98982
30		249	-132  1618 231	0.999976
30		250	132  1610 236	0.89909
30		251	-153  1614 230	1
31		253	-112  1606 224	0.999568
31		254	126  1610 237	0.611525
31		255	130  1615 229	0.683025
32		257	126  1611 241	0.90005
33		266	-119  1618 247	0.8334
34		268	-130  1608 240	0.999699
34		269	108  1618 245	0.771666
34		270	-119  1606 228	0.990541
35		272	112  1604 237	0.505352
36		274	-111  1603 235	0.98982
36		275	125  1603 236	0.999043
36		276	-120  1604 235	0.959042
36		277	-132  1612 225	0.95131
36		278	-144  1605 235	1
36		279	-127  1608 229	0.53225
36		280	121  1600 234	0.547104
36		281	-126  1606 227	0.873267
37		283	-125  1598 232	0.985028
37		284	-133  1602 225	0.98598
38		286	116  1593 219	0.70677
39		289	137  1604 223	0.995951
39		290	132  1606 224	0.65276
39		291	130  1607 227	0.999925
39		292	138  1602 235	1
40		294	127  1612 225	0.779053
40		295	132  1613 235	0.889695
41		297	140  1623 235	0.965473
41		298	-121  1624 221	0.574531
41		299	-122  1621 214	0.986783
41		300	-103  1602 199	0.999992
41		301	-103  1568 193	0.999887
41		302	-105  1545 187	0.999766
41		303	-109  1475 183	0.999903
41		304	-109  1447 175	0.999644
41		305	-113  1341 153	0.999386
41		306	-116  1271 125	0.999707
41		307	-118  1167 95	0.999792
41		308	-119  1062 75	0.999174
41		309	117  1061 81	0.997289
41		310	117  931 55	0.991025
41		311	-118  750 31	0.998293
42		313	118  668 39	0.999198
42		314	115  615 37	0.995396
42		315	-116  474 35	0.998809
42		316	115  475 35	0.998137
42		317	-113  392 54	0.99325
42		318	113  392 54	0.997931
43		320	-155  366 55	0.999779
44		322	-137  377 64	0.972274
44		323	-141  373 59	0.999189
45		325	124  365 51	0.995589
46		327	-138  375 45	0.739096
46		328	-151  366 58	0.987322
46		329	149  366 55	0.995951
46		330	144  373 56	0.994986
46		331	-138  363 67	0.651776
47		333	147  376 67	0.999963
48		337	-247  361 65	1
49		340	-241  358 70	1
50		342	182  354 73	1
51		346	-140  362 73	0.768925
52		348	-152  366 73	0.97852
53		350	136  369 64	0.861657
53		351	-134  360 73	0.999996
53		352	-141  343 75	0.998474
53		353	113  325 73	0.995445
53		354	113  295 77	0.995819
53		355	114  270 81	0.995636
53		356	-115  208 98	0.997366
53		357	-112  180 111	0.99687
53		358	112  180 111	0.995461
53		359	109  128 117	0.99077
53		360	109  93 128	0.991749
53		361	-111  9 194	0.972924
