1          12    19  489     12    19  489     12   19  489      -11    16  499    -11    16  499    -11   16  499    0  0  0    0  0  0   0
2          10  1825  284     10  1825  284     10 1825  284       -9  1222   66     -9  1222   66     -9 1222   66    0  0  0    0  0  0   0
3          10   857  143     10     0  471     11  912  238      -10  1767  317    -10  1767  317    -10 1767  317    0  0  0    0  0  0   0
4          10    11  491     10    11  491     10   11  491      -10    21  490    -10    21  490    -10   21  490    0  0  0    0  0  0   0
5           9  1858  398      9  1858  398      9 1858  398       -8  1494  430     -8   375  226     -8 1215  122    0  0  0    0  0  0   0
6          13    21  489     13    21  489     13   21  489      -12     5  445    -12     5  445    -12    5  445    0  0  0    0  0  0   0
7          12  1391  173     12  1391  173     12 1391  173      -24   288  212    -24   288  212    -24  288  212    0  0  0    1  1  1   3
8          19   288  212     19   288  212     19  288  212      -54   232  189    -54   232  189    -54  232  189    1  1  1    3  3  3   6
9          37   232  189     37   232  189     37  232  189      -55   147  283    -55   147  283    -55  147  283    2  2  2    3  3  3   12
10         43   147  283     40   147  283     43  147  283      -48    35  134    -48    35  134    -48   35  134    4  3  5    5  3  5   14
11         46    35  134     46    35  134     46   35  134      -65    90  258    -68    90  258    -64   90  258    3  3  3    4  5  4   13
12         63    90  258     65    90  258     64   90  258      -43   180  417    -43   180  417    -43  180  417    4  4  4    3  3  3   12
13         43   179  418     43   179  418     43  179  418      -12   181  417    -14   181  417    -13  181  417    1  1  1    0  0  0   3
14         12    16  494     12    16  494     12   16  494      -14    26  484    -15     0  404    -14   26  484    0  0  0    0  1  0   0
15         15   320  419     15   320  419     15  320  419      -80   320  421    -80   320  421    -80  320  421    1  1  1    1  1  1   3
16         81   320  421     81   320  421     81  320  421      -65   220  309    -65   220  309    -65  220  309    1  1  1    3  3  3   9
17         55   220  309     52   220  309     55  220  309      -56   229  239    -57   229  239    -54  229  239    3  2  3    4  5  5   15
18         43   229  239     43   229  239     43  229  239      -20   222  226    -21   222  226    -21  213  191    2  3  2    1  1  2   8
19         14     0  404     13     3  442     13    3  442      -30    75   91    -30    75   91    -30   75   91    0  0  0    4  4  4   7
20         20   135  141     20   135  141     20  135  141      -18  1610  401    -18  1610  401    -18 1610  401    1  1  1    3  3  3   0
21         16    17  499     16    17  499     16   17  499      -17  1542  404    -17  1542  404    -17 1542  404    1  1  1    1  1  1   0
22         11    21  490     11    21  490     12   33  483      -19  1429  385    -19  1429  385    -17 1429  385    0  0  0    2  2  2   0
23         12     4  460     12     4  460     12 1429  385      -22  1321  386    -22  1321  386    -22 1321  386    0  0  0    3  3  3   3
24         18    18  491     18  1321  386     18 1321  386      -14     4  460    -14    17  497    -16   17  485    2  2  2    0  0  1   0
25         12     0  470     12     0  470     12    0  470      -10   723  142    -10   723  142    -10  723  142    0  0  0    0  0  0   0
26         10  1717  195     10    27  475     10 1717  195       -9    15  494     -9    15  494    -10   25  475    0  0  0    0  0  0   0
27         10  1173  135      9    22  495     10  770   32      -10    22  480    -10    22  480    -10   22  480    0  0  0    0  0  0   0
28         11    28  492     11    28  492     11   28  492      -10    16  496    -10    16  496    -10   16  496    0  0  0    0  0  0   0
29         10  1478  473      9  1488  338     10 1667  179      -10    25  493    -10    25  493    -10   25  493    0  0  0    0  0  0   0
30         11     5  440     11     5  440     11    5  440      -12     4  443    -12     4  443    -12    4  443    0  0  0    0  0  0   0
31         11    25  497     11    25  497     11   25  497      -12     1  405    -12     1  405    -12    1  405    0  0  0    0  0  0   0
32         15    27  488     16    19  491     15   27  488      -16     3  443    -16     3  443    -18    3  443    1  1  1    1  2  3   0
33         12  1611  395     11  1395  349     11 1395  349      -10    14  499    -10    14  499    -11 1840  472    0  0  0    0  0  0   0
34         13    23  499     13    23  499     13   23  499      -13    23  496    -13    23  496    -13   23  496    0  0  0    0  0  0   0
35          9  1758  233      9  1758  233      9 1522  297      -11  1310  277    -11  1107   73    -10   24  492    0  0  0    0  0  0   0
36         12    30  490     12    30  490     12   30  490      -12  1837  323    -11  1527  297    -11 1527  297    0  0  0    0  0  0   0
37         12    24  490     12    24  490     14 1711   81      -10  1578  346    -10  1578  346    -10 1578  346    0  0  0    0  0  0   0
38         12     5  439     12     5  439     12    5  439      -12  1612  371    -12  1612  371    -12 1612  371    0  0  0    0  0  0   0
39         16    16  496     16    16  496     18   16  496      -18    17  498    -17     4  470    -17    4  470    2  1  2    2  2  1   0
40         11    17  499     11    17  499     11   17  499      -82   580  486    -82   580  486    -82  580  486    0  0  0    2  2  2   3
41         80   580  486     80   580  486     80  580  486      -54   573  413    -54   573  413    -54  573  413    2  2  2    3  5  3   10
42         55   573  413     55   573  413     55  573  413      -57   610  258    -57   610  258    -57  610  258    3  3  3    3  3  3   15
43         59   610  258     62   610  258     61  610  258      -99   692   71    -99   692   71    -99  692   71    2  2  2    3  3  3   12
44         97   692   71     97   692   71     97  692   71      -20   491  289    -20   491  289    -20  491  289    2  2  2    2  2  2   6
45         15   491  289     15   491  289     15  491  289      -13     3  443    -13     3  443    -13    3  443    1  1  1    0  0  0   0
46         10     5  443     10     5  443     10    5  443      -10  1516  473    -11  1486  290    -13 1486  290    0  0  0    0  0  0   0
47         14     9  443     11    24  498     13   24  498      -27   774  394    -27   774  394    -27  774  394    0  0  0    1  1  2   3
48         16   774  394     16   774  394     16  774  394      -17   834  346    -17   834  346    -17  834  346    1  1  1    2  2  2   0
49         11    26  490     12   714    9     11   26  490      -13    29  499    -13    29  499    -13   29  499    0  0  0    0  0  0   0
50         12    21  495     12    21  495     12   21  495      -15   976  188    -15   976  188    -15  976  188    0  0  0    1  1  1   0
51         14    16  497     14    16  497     14   16  497      -12  1010  122    -12  1010  122    -12 1010  122    0  0  0    0  0  0   0
52         12    26  493     12    26  493     12   26  493      -14  1011  358    -14  1011  358    -14 1011  358    0  0  0    0  0  0   0
53         15     7  433     15     7  433     15    7  433      -15   482  373    -15   482  373    -15  482  373    1  1  1    1  1  1   0
54         17     1  472     16     1  472     19    1  472      -61   329  153    -60   329  153    -63  329  153    1  1  1    4  4  5   9
55         59   329  153     59   329  153     59  329  153      -14   700  326    -14   700  326    -14  700  326    3  3  3    0  0  0   9
56         12    19  496     12    19  496     12   19  496      -13    27  498    -13    27  498    -13   27  498    0  0  0    0  0  0   0
57         11  1460  251     10  1866  324     11 1510  289      -11   388  174    -11   388  174    -11  388  174    0  0  0    0  0  0   0
58         11  1721  402     11  1721  402     11 1721  402      -12    18  499    -12    18  499    -12   18  499    0  0  0    0  0  0   0
59         11  1673  136     10  1515  269     10 1515  269       -9  1917  469     -9  1917  469     -9 1917  469    0  0  0    0  0  0   0
60         13     3  454     13     3  454     13    3  454      -11   324   70    -10   546   65    -10  546   65    0  0  0    0  0  0   0
61         17     2  438     15     2  438     18   25  493      -19    16  492    -18     8  434    -17   16  492    1  1  1    3  3  2   0
62         10     3  450     10     3  450     10    3  450      -10   650  134    -10   650  134    -10  650  134    0  0  0    0  0  0   0
63         12    30  479     12    30  479     12   30  479      -11     3  471    -10     0  462    -10    0  462    0  0  0    0  0  0   0
64         14     1  473     15     1  473     14  382  422      -11  1907  295    -10    22  493    -10   22  493    0  1  0    0  0  0   0
65         13  1907  295     10     1  396     10    1  396      -13    23  499    -13    23  499    -13   23  499    0  0  0    0  0  0   0
66         12    24  488     12    24  488     12   24  488      -11   915   57    -11   915   57    -11  915   57    0  0  0    0  0  0   0
67         15     2  464     15     2  464     15    2  464      -12     4  392    -12     4  392    -12    4  392    1  1  1    0  0  0   0
68         12    25  499     12    27  480     12 1839  242      -12    29  485    -11    29  485    -14   29  485    0  0  0    0  0  0   0
69         18     8  444     14    16  497     18   13  491      -20     0  446    -19     0  446    -15   30  491    2  0  1    1  1  1   0
70         11    26  497     11    26  497     11   26  497      -11     4  460    -11     4  460    -11    4  460    0  0  0    0  0  0   0
71         12     2  447     12     2  447     12    2  447      -11    37  475    -11    37  475    -11   37  475    0  0  0    0  0  0   0
72         11  1532  257     10  1472   54     10 1472   54      -12    28  492    -12    28  492    -12   28  492    0  0  0    0  0  0   0
73         11    37  475     11    37  475     11  652  484      -13    21  495    -13    21  495    -13   21  495    0  0  0    0  0  0   0
74         11    28  492     11    28  492     11   28  492      -12    18  490    -12    18  490    -12   18  490    0  0  0    0  0  0   0
75         12     2  462     12     2  462     12   31  481      -16     2  446    -14     2  446    -15  416   67    0  0  0    1  0  1   0
76         19     3  445     13     3  496     12   27  473      -27   406   56    -27   406   56    -27  406   56    1  0  0    2  1  2   3
77         13   406   56     13   406   56     13  406   56      -15   400   31    -15   400   31    -15  400   31    0  0  0    1  1  1   0
78         11    22  490     11    22  490     11   22  490      -22   384   57    -22   384   57    -20  384   57    0  0  0    1  1  1   2
79         12  1796  262     12     5  439     13    4  460      -16   391   75    -16   391   75    -16  391   75    0  0  0    1  1  1   0
80         14   391   75     14   391   75     14  391   75      -24   328  162    -24   328  162    -24  328  162    0  0  0    2  2  2   3
81         17   328  162     17   328  162     17  328  162      -50   341  356    -53   341  356    -52  341  356    1  1  1    2  2  2   6
82         46   341  356     49   341  356     48  341  356      -32  1403  226    -32  1403  226    -32 1403  226    2  2  2    3  2  2   12
83         25  1403  226     25  1403  226     25 1403  226      -35  1466  291    -35  1466  291    -35 1466  291    3  2  2    3  3  3   9
84         29  1466  291     29  1466  291     29 1466  291      -44  1559  381    -44  1559  381    -44 1559  381    2  2  2    1  1  1   6
85         38  1559  381     36  1559  381     36 1559  381      -20  1658  492    -20  1658  492    -20 1658  492    1  1  1    1  1  1   3
86         15    25  498     15    25  498     17   25  498      -10  1433  362    -10  1590  309    -10 1590  309    1  1  1    0  0  0   0
87         10    22  498     12  1762  264     11 1762  264      -15     0  453    -15     0  453    -15    0  453    0  0  0    1  1  1   0
88         13     0  453     12     0  453     17    0  453      -12     0  452    -13     0  452    -11  177  135    0  0  1    0  0  0   0
89         12    20  492     12    20  492     12   20  492      -14    28  492    -14    28  492    -14   28  492    0  0  0    0  0  0   0
90         14    28  481     14    28  481     14   28  481      -15    30  489    -15    30  489    -15   30  489    0  0  0    1  1  1   0
91         16    25  487     16    25  487     16   25  487      -16    28  486    -16    28  486    -16   19  493    1  1  1    2  1  1   0
92         11     0  452     11     0  452     11    0  452      -13    16  490    -13    16  490    -13   16  490    0  0  0    0  0  0   0
93          9    17  486      9  1870  493      9   17  486      -10  1633  204    -10  1633  204    -10 1633  204    0  0  0    0  0  0   0
94         11  1407  438     10    18  490     10   18  490      -11  1749  452    -10  1859  365    -10 1859  365    0  0  0    0  0  0   0
95         13    27  474     13    27  474     13   27  474      -12    17  488    -12    17  488    -12   17  488    0  0  0    0  0  0   0
96         12     8  434     11  1726  236     11    8  434      -10     8  432    -12     8  432    -11    8  432    0  0  0    0  0  0   0
97         17   288  423     17   288  423     17  288  423      -13    20  495    -13    20  495    -13   20  495    1  2  1    0  0  0   0
98         17    30  488     18    30  488     17   26  476      -17    30  490    -16    30  490    -21   30  490    1  2  1    1  1  2   1
99         11  1884  366     10    30  490     11 1738  400      -13    20  485    -11    20  485    -11   20  485    0  0  0    0  0  0   0
100        11    18  499     11    18  499     11   18  499      -11     2  455    -11     2  455    -11    2  455    0  0  0    0  0  0   0
101        10    27  480     10    27  480     10   27  480      -11    31  489    -11    31  489    -11   31  489    0  0  0    0  0  0   0
102        11   862   24     11   862   24     11  862   24      -15     4  447    -15     4  447    -15    4  447    0  0  0    1  1  1   0
103        13    17  499     14    17  499     11   17  499      -11  1005   25    -11  1005   25    -11 1005   25    0  0  0    0  0  0   0
104        13    24  494     13    24  494     13   24  494      -10  1707  361     -9    22  484    -10 1473  292    0  0  0    0  0  0   0
105        17     2  437     19     0  453     25    0  453      -29    17  499    -28    17  499    -25   17  499    2  3  2    3  2  1   4
106        23    17  499     21    17  499     21   17  499       -9    11  491    -11    11  491    -13   11  491    1  1  1    0  0  0   3
107        12    17  495     12    17  495     12   17  495      -10    18  488    -10    18  488    -11   77  166    0  0  0    0  0  0   0
108        11     0  453     11     0  453     11    0  453      -11  1484  373    -11  1550   20    -11 1550   20    0  0  0    0  0  0   0
109        10    33  204     10    33  204     10 1598  354      -13  1785  425    -11     8  433    -12  676   36    0  0  0    0  0  0   0
110        12   861   51     11     0  477     11    0  477      -10     2  458    -11  1775  282    -11 1541   74    0  0  0    0  0  0   0
111        10  1655   90     10  1655   90     10 1655   90      -13     8  434    -13     8  434    -13    8  434    0  0  0    0  0  0   0
112        13     1  462     10     1  462     11    1  462      -14     4  447    -14     4  447    -14    4  447    0  0  0    0  0  0   0
113        16    12  490     16    12  490     16   12  490      -16     0  403    -14    19  495    -15    1  400    1  1  1    1  0  1   0
114        19    13  491     19    13  491     17   13  491      -11  1842  159    -11  1842  159    -11   15  490    1  1  1    0  0  0   0
115        11  1331  274      9     3  394      9    3  394       -9  1865  472     -9     2  445     -9    2  445    0  0  0    0  0  0   0
116        11     1  462     11     1  462     13  476  148      -11  1630  467    -11     0  445    -12    0  287    0  0  0    0  0  0   0
117        57  1808  472     48  1808  472     48 1808  472      -92  1811  476   -105  1811  476   -115 1814  471    7  6  5    5  8  8   33
118        90  1804  478    103  1810  476    112 1814  471      -90  1784  430   -100  1784  430   -110 1784  430    5  7 10    9  9  8   45
119        86  1785  433     99  1784  430    108 1787  424      -88  1748  378    -98  1746  380   -112 1750  379    2  4  5   10  9 10   32
120        84  1742  381     97  1751  385    111 1750  379      -83  1719  346    -96  1719  346   -105 1709  338    4  3  7   11 12 12   44
121        81  1719  346     96  1719  346    104 1709  338      -84  1693  312    -94  1693  312   -103 1693  312    5  5  6    9 11 10   41
122        81  1678  307     94  1678  307    102 1690  305      -83  1667  285    -93  1654  280   -103 1654  279    4  7  7   10 12 14   51
123       101  1657  265    106  1657  265    112 1654  279     -106  1654  265   -114  1654  265   -118 1654  265   12 11 10    6  8  8   55
124       113  1645  258    116  1653  268    124 1645  258     -109  1649  256   -119  1649  256   -130 1650  258   11  8 10   10 10  9   54
125       116  1642  266    123  1641  266    128 1641  266     -126  1647  255   -132  1647  255   -142 1647  255    6  5  5    6  5  5   32
126       112  1636  267    118  1636  267    120 1646  261     -114  1643  267   -122  1640  262   -126 1643  255    5  4  5    5  5  5   27
127       255  1642  262    255  1642  262    244 1642  262     -109  1639  258   -114  1638  263   -123 1638  263   13 11 11    8  7  9   49
128       132  1642  264    143  1642  264    128 1642  264     -218  1642  261   -213  1642  261   -217 1642  261    4  4  4    9  9  9   37
129       124  1642  269    124  1642  269    129 1642  269     -206  1641  263   -203  1642  262   -201 1642  262    6  6  5    8  9  8   37
130       125  1646  264    121  1646  264    120 1645  274     -230  1643  263   -226  1643  263   -232 1643  263    5  6  4   12 11 11   46
131       159  1647  264    174  1647  264    173 1647  264     -247  1644  264   -246  1644  264   -231 1644  264   10 10 10    8  8  7   48
132       147  1648  263    149  1648  263    142 1648  263     -225  1646  264   -217  1646  264   -215 1646  264    7  6  6    9  9  8   39
133       203  1649  262    210  1649  262    196 1649  262     -176  1647  263   -179  1647  263   -185 1647  263   12 10 10    8  9 10   58
134       185  1648  261    181  1648  261    173 1648  261     -173  1649  263   -170  1649  263   -173 1649  263    6  5  5    8  8  8   40
135       216  1649  260    223  1648  260    212 1648  260     -200  1648  262   -216  1648  262   -213 1648  262    9  9 10   11 10 11   56
136       198  1648  259    211  1648  259    203 1648  259     -197  1648  261   -195  1649  261   -205 1649  261   10 10 12    7  7  6   45
137       186  1647  257    174  1647  257    178 1647  257     -142  1648  259   -155  1648  259   -162 1648  259    8 11 10   10 10  9   51
138       248  1646  256    255  1646  256    245 1646  256     -168  1647  258   -177  1647  258   -194 1647  258    7  7  6    6  6  6   34
139       245  1643  255    237  1644  255    216 1644  255     -151  1645  256   -160  1645  256   -175 1645  256    8  8  7    7  7  8   42
140       254  1641  253    253  1642  253    245 1642  253     -167  1643  255   -184  1643  255   -179 1643  255    9 10  9    9 10  9   49
141       251  1639  251    253  1640  251    249 1640  251     -186  1641  253   -187  1641  253   -191 1641  253   11 11 10    7  6  6   47
142       219  1639  249    209  1639  249    210 1639  249     -158  1639  251   -176  1639  251   -179 1639  251    6  7  8    6  6  8   36
143       129  1639  248    129  1639  248    127 1639  248     -109  1647  247   -117  1647  247   -120 1647  247    6  6  6    6  6  8   34
144       164  1641  248    166  1641  248    157 1641  248     -175  1639  250   -164  1639  250   -161 1639  250    6  6  6    7  6  6   33
145       127  1642  247    127  1642  247    122 1642  247     -250  1640  248   -255  1640  248   -255 1640  248    6  6  7   11 10 11   51
146       113  1632  239    122  1632  239    129 1641  252     -172  1642  248   -170  1642  248   -157 1641  247    5  5  4    6  5  6   29
147       112  1637  241    113  1631  251    113 1644  256     -204  1643  247   -203  1643  247   -191 1643  247    6  6  5    7  7  7   36
148       110  1644  254    116  1644  254    119 1644  254     -107  1655  242   -115  1655  242   -120 1655  242    7  7  8    4  4  4   34
149       131  1645  245    139  1645  245    142 1645  245     -116  1643  251   -121  1652  242   -123 1652  242    4  5  5    7  8  9   38
150       123  1634  247    131  1634  247    135 1634  247     -122  1643  237   -130  1643  237   -130 1641  242   10  7 11   13 12 11   51
151       100  1647  250    104  1647  250    105 1647  250     -111  1646  249   -108  1646  249   -109 1646  249    3  3  3    3  3  3   18
152       116  1643  244    121  1643  244    120 1633  248     -122  1634  246   -130  1634  246   -135 1634  246    7  8  5    6  6  5   30
153       105  1637  245    110  1637  245    108 1637  245     -117  1649  238   -123  1649  238   -124 1649  238    5  7  7    8  9  9   42
154       107  1652  238    113  1652  238    120 1652  238      -97  1639  246    -98  1629  246    -98 1629  246    7  7  7    4  4  4   30
155       101  1631  243    107  1631  243    113 1631  243     -120  1641  249   -125  1641  249   -125 1641  249    9  8  8    6  5  5   35
156       109  1630  232    119  1630  232    126 1630  232     -109  1628  242   -110  1628  242   -112 1630  234    5  5  5    5  4  5   29
157       109  1628  242    114  1628  242    114 1628  242     -114  1632  242   -123  1630  243   -127 1630  243    7  7  7   10  9  9   40
158       119  1631  232    121  1631  232    121 1631  232      -94  1636  233    -94  1639  249   -104 1639  249    5  5  5    6  4  5   26
159       104  1630  244    111  1630  244    108 1630  244     -101  1638  248   -107  1638  248   -107 1637  249    3  4  5    5  5  4   23
160       114  1646  234    115  1637  249    119 1637  249     -108  1650  239   -109  1650  239   -109 1650  239    4  2  2    4  4  5   20
161       104  1630  230    109  1640  248    116 1640  248     -102  1642  246   -108  1631  232   -108 1638  247    5  4  4    6  6  5   26
162       110  1637  247    114  1637  247    115 1637  247      -97  1630  229   -108  1630  229   -107 1630  229    4  4  4    7  7  8   31
163        98  1639  246    102  1639  246    106 1639  246     -110  1640  248   -117  1640  248   -118 1640  248    6  6  6    6  6  6   36
164        96  1627  241     99  1627  241     99 1640  248     -101  1639  245   -106  1639  245   -110 1631  241    6  5  5    8  7  9   38
165       107  1631  241    117  1631  241    123 1631  241      -98  1639  243   -103  1633  233   -103 1633  233    7  7  8    6  7  6   40
166       100  1653  233    100  1633  233    102 1653  233     -100  1630  242   -105  1630  242   -105 1640  246    7  7  8    8  8  8   43
167       120  1639  246    128  1639  246    131 1639  246     -108  1632  232   -112  1632  232   -115 1652  234    7  7  7    6  6  7   37
168        89  1640  237     96  1628  240    105 1628  240      -97  1630  232   -105  1629  242   -111 1629  242    9  8  8    7  7  7   43
169       113  1648  235    114  1648  235    120 1648  235     -119  1634  235   -122  1634  235   -129 1639  246   11  9 10    8  8  6   44
170       109  1638  236    110  1636  239    117 1639  246     -119  1627  241   -125  1632  236   -126 1632  236    8  6  6    9 10  9   42
171       112  1635  238    115  1635  238    121 1626  231     -118  1628  231   -126  1628  231   -133 1644  232    5  4  5   10 13 12   43
172       112  1633  238    117  1633  238    121 1634  236     -123  1628  238   -131  1628  238   -132 1628  238    8  8  9    9 14 11   50
173       102  1635  246    105  1635  246    107 1623  239     -109  1628  233   -115  1630  242   -118 1630  242    5  6  8    7  6  6   32
174       102  1617  241    103  1617  241    103 1617  241     -111  1618  243   -120  1618  243   -120 1618  243    7  7  7    7  7  6   38
175       105  1641  235    107  1621  230    105 1641  235     -106  1641  233   -115  1641  233   -118 1641  233    7  8  7    6  6  6   40
176       123  1621  242    133  1621  242    138 1621  242     -107  1620  245   -117  1641  235   -120 1641  235    6  6  6    7  7  7   39
177       110  1632  245    114  1632  245    114 1632  245     -111  1621  233   -119  1621  233   -119 1621  233    5  5  5    6  6  6   33
178       110  1628  250    112  1621  233    112 1621  233     -110  1632  245   -110  1632  245   -110 1629  251    2  3  3    4  4  3   16
179       113  1619  231    123  1619  231    123 1619  231     -104  1629  246   -104  1629  246   -105 1629  246    7  6  9    5  6  5   31
180       122  1629  239    122  1629  239    122 1629  239     -123  1625  233   -125  1629  248   -132 1629  248    5  5  5    8  6  6   33
181        98  1616  243    105  1638  236    109 1638  236     -109  1627  247   -114  1637  235   -114 1637  235    6  6  6    6  7  8   39
182       109  1625  246    112  1638  234    123 1638  234     -116  1616  243   -116  1616  243   -116 1616  243    7  9  9    4  4  4   37
183       111  1637  236    116  1637  236    121 1637  236      -98  1613  243    -99  1615  247   -102 1617  233    8  7  8    9  9 11   49
184        99  1612  242    104  1612  242    104 1612  242     -105  1616  232   -112  1616  232   -102 1616  232    5  7  5    8  9  9   39
185       101  1611  244    101  1611  244    101 1611  244     -121  1615  244   -129  1615  244   -135 1615  244    5  7  7    8  6  6   36
186       109  1614  244    117  1614  244    117 1614  244     -114  1631  239   -113  1631  239   -117 1631  239    6  6  5    7  7  8   33
187       113  1613  242    118  1613  242    118 1613  242     -136  1615  243   -141  1615  243   -141 1615  243    8  8  9    7  6  6   42
188       110  1621  247    115  1621  247    115 1621  247     -115  1622  249   -121  1622  249   -126 1622  249    9  9  8    4  5  4   35
189       112  1612  246    122  1612  246    122 1612  246     -116  1609  247   -116  1609  247   -116 1609  247    6  6  7    5  5  5   31
190       115  1621  239    123  1630  237    128 1630  237     -108  1616  237   -114  1616  237   -113 1611  244    8  9  6   12 12 10   52
191       105  1611  235    102  1607  242    108 1611  235     -100  1606  244   -103  1610  232   -101 1624  250    9 10  9    4  5  3   33
192       112  1618  247    108  1622  249    110 1618  247     -107  1630  237   -111  1630  237   -107 1609  234    6  5  6   11 11 11   46
193       116  1608  241    126  1608  241    128 1608  241     -109  1620  239   -114  1631  239   -116 1609  242   10 11 11    6  7  7   52
194       126  1616  237    127  1616  237    129 1616  237     -122  1620  242   -130  1620  242   -138 1620  242   10  8  8    6  7  8   41
195       126  1620  235    130  1620  235    141 1621  234     -108  1622  244   -116  1622  244   -115 1622  244   11 12 12    9 11 11   60
196       122  1620  243    128  1620  243    124 1624  234     -115  1619  246   -123  1619  246   -127 1619  246    8  9  9    8  8  8   50
197       126  1625  235    131  1628  251    137 1628  251     -116  1630  238   -122  1630  238   -125 1630  238    6  6  6    8  7  7   34
198       202  1629  242    199  1629  242    190 1629  242     -124  1628  251   -126  1628  251   -125 1628  251    6  6  6    7  7  7   33
199       108  1620  247    118  1620  247    127 1620  247     -255  1629  242   -253  1629  242   -242 1629  242    3  3  4    8  7  7   32
200       232  1630  242    233  1630  242    225 1630  242     -107  1642  237   -115  1642  237   -122 1642  237    5  5  5    4  5  5   26
201        97  1624  232     98  1624  232     98 1622  236     -231  1631  242   -225  1631  242   -215 1631  242    4  5  4    7  8  7   31
202       255  1631  241    255  1631  241    249 1631  241     -103  1632  252   -110  1632  252   -113 1632  252    6  6  6    3  3  3   27
203       110  1632  251    112  1632  251    110 1632  251     -255  1631  241   -255  1631  241   -255 1631  241    4  4  4    9  9  8   32
204       199  1631  240    202  1631  240    209 1631  240      -95  1631  251   -105  1631  251   -107 1631  251    6  6  7    4  4  4   28
205       102  1632  250    113  1632  250    116 1632  250     -199  1631  240   -202  1631  240   -210 1631  240    4  5  5    8  8  7   34
206       118  1631  247    126  1631  247    135 1631  247     -100  1631  249   -105  1630  249   -109 1630  249    5  5  6    6  5  5   29
207       111  1621  243    121  1621  243    120 1621  243     -115  1631  247   -116  1631  247   -118 1631  247    6  6  6    8  8  7   38
208       109  1631  247    116  1618  243    120 1618  243     -102  1632  249   -104  1632  249   -102 1632  249    5  6  7    6  5  5   29
209        94  1631  239    101  1622  233    104 1622  233     -106  1618  243   -116  1621  231   -118 1621  231    7  8  9    7  8  8   43
210       105  1631  244    114  1621  231    117 1631  244     -107  1624  240   -110  1624  240   -113 1628  230    6  7  6    7  7  8   40
211       113  1626  245    117  1618  244    122 1618  244     -123  1628  244   -130  1628  244   -134 1628  244    5  8  6    4  5  5   33
212       106  1619  239    114  1617  227    119 1617  227     -100  1619  231   -107  1619  231   -102 1636  236    7  7  8    6  8  6   42
213       107  1629  248    111  1629  248    113 1629  248     -102  1626  243   -109  1626  243   -106 1626  243    4  4  4    5  5  5   27
214       103  1626  243    109  1626  243    109 1626  243     -112  1634  232   -113  1634  232   -113 1619  231    6  5  5    7  7  9   36
215        99  1618  227    101  1633  231    103 1633  231      -98  1633  233    -98  1633  233   -102 1627  245    9  7  8    8  8  9   49
216        93  1614  228     96  1639  234     96 1639  234      -98  1637  235    -91  1615  239    -96 1615  239    6  5  6    6  6  5   29
217       103  1616  238    110  1616  238    108 1616  238      -97  1614  238   -100  1636  232   -107 1636  232    4  4  4    5  6  6   29
218        99  1637  231    109  1637  231    115 1637  231     -103  1638  232   -105  1638  232   -108 1638  232    8  8  8   10  9  8   51
219       116  1614  239    126  1614  239    129 1614  239      -98  1634  235   -100  1634  235   -102 1634  235    5  6  6    6  6  6   29
220       106  1617  230    108  1629  247    109 1629  247     -112  1613  240   -122  1613  240   -125 1613  240    6  4  4    5  5  5   27
221        94  1629  246    100  1615  229    104 1615  229      -97  1627  247   -104  1627  247   -109 1627  247    3  4  6    4  4  4   25
222       116  1616  227    124  1616  227    128 1616  227      -94  1612  242    -96  1616  229    -99 1615  230    6  6  6    5  6  6   32
223       110  1626  243    114  1626  243    116 1626  243     -104  1617  232   -106  1616  231   -109 1617  232    6  6  7    7  9  7   36
224       103  1612  239    106  1621  246    108 1621  246     -109  1614  229   -112  1614  229   -112 1614  229    8  6  6    8  7  6   35
225       104  1613  240    110  1613  240    110 1613  240     -113  1622  245   -119  1622  245   -116 1622  245    5  6  7    5  6  6   32
226       109  1615  232    109  1622  245    107 1615  232     -107  1629  233   -107  1629  233   -108 1622  247    9  7  9    7  6  5   37
227        89  1611  226     93  1611  226     92 1611  226     -101  1614  231   -108  1614  231   -111 1614  231    5  5  5    7  7  7   33
228       111  1613  242    111  1613  242    113 1613  242     -104  1612  229   -112  1612  229   -115 1612  229    7  7  7    6  7  6   37
229        98  1631  234     99  1631  234    105 1631  234     -105  1607  244   -108  1622  246   -110 1622  246    6  6  8    7  5  5   33
230       102  1623  243    101  1623  243    102 1621  247     -109  1608  238   -119  1608  238   -121 1608  238    6  7  5   10 10  9   40
231       119  1619  244    127  1619  244    124 1619  244      -98  1624  243   -104  1624  243   -105 1618  246    5  5  6    4  4  3   27
232       105  1610  239    110  1610  239    110 1610  239     -108  1627  235   -112  1627  235   -116 1627  235    5  5  5    4  4  4   24
233       105  1627  235    110  1627  235    118 1627  235     -101  1626  232   -109  1608  230   -109 1608  230    6  6  5    5  4  5   28
234       119  1610  229    121  1610  229    126 1610  229     -126  1620  247   -133  1620  247   -138 1620  247    8  8  9    4  4  4   33
235       128  1622  243    132  1622  243    133 1622  243      -97  1628  231    -98  1628  231    -95 1608  240    4  4  4    8  9  8   34
236       104  1614  230    111  1614  230    117 1614  230     -114  1611  243   -115  1611  243   -115 1611  243    5  4  4    8  7  7   35
237       113  1632  236    120  1632  236    118 1632  236      -97  1621  246   -101  1632  234   -105 1632  234    7  7  7    6  7  7   38
238       105  1628  234    106  1628  234    108 1628  234      -95  1629  233   -101  1612  231   -106 1612  231    5  6  6    6  7  9   32
239       107  1620  246    116  1620  246    123 1620  246     -100  1621  248   -107  1621  248   -111 1621  248    4  6  6    3  3  3   24
240       100  1609  243    103  1625  244    102 1625  244     -104  1623  244   -107  1623  244   -112 1623  244    5  5  5    7  8  8   33
241       108  1613  231    118  1613  231    126 1622  243     -109  1633  236   -111  1633  236   -118 1633  236    6  6  5    5  6  7   34
242       125  1619  238    132  1619  238    131 1619  238     -125  1627  233   -131  1627  233   -134 1627  233    6  6  6    8  8  7   35
243       125  1622  234    129  1622  234    132 1622  234     -114  1629  233   -118  1629  233   -119 1629  233    6  5  5    7  7  8   38
244       106  1617  232    119  1617  232    123 1617  232     -106  1616  231   -112  1616  231   -109 1616  231    7  6  6    9  9  9   39
245        94  1628  247    101  1628  247    101 1628  247      -91  1636  232    -90  1636  232    -93 1636  232    5  5  5    6  5  6   27
246       104  1628  236    110  1628  236    113 1628  236     -109  1623  235   -116  1623  235   -112 1621  239    8  7  7    9  8  7   43
247       114  1628  234    117  1628  234    117 1628  234     -123  1622  233   -129  1617  240   -134 1617  240    7  8  6    8  7  8   41
248       128  1618  239    124  1618  239    129 1614  241     -120  1621  232   -123  1619  237   -131 1619  237    6  6  5   10  8  8   37
249       108  1616  238    113  1616  238    111 1610  238     -128  1618  231   -130  1618  231   -132 1618  231    7  6  5    9  8  8   43
250       117  1613  238    123  1610  236    132 1610  236     -116  1614  235   -125  1614  235   -128 1614  235   10 10  9   10 10  9   53
251       112  1620  229    119  1619  232    121 1620  229     -136  1614  230   -144  1614  230   -153 1614  230    8 10  9   11 11 11   49
252        98  1616  243    103  1605  240    103 1605  240     -104  1612  229   -104  1603  239   -107 1603  239    6  6  6    5  5  5   30
253        88  1603  240     89  1608  237     95 1627  227     -100  1606  224   -106  1606  224   -112 1606  224    5  6  7    7  8  8   33
254       121  1611  236    124  1611  236    126 1610  237     -113  1618  233   -119  1618  233   -116 1618  233    5  5  5   10 11 12   42
255       122  1614  233    127  1615  229    130 1615  229     -115  1611  240   -124  1611  240   -125 1611  240   10 11 11    6  6  7   48
256       125  1617  229    132  1617  229    131 1617  229     -110  1612  241   -116  1612  241   -119 1612  241    8  9 10    9  9  9   51
257       117  1610  241    123  1610  241    126 1611  241     -113  1608  228   -111  1608  228   -112 1608  228    8  8 10    8  7  8   46
258        95  1610  243    101  1610  243    104 1610  243      -99  1627  233    -97  1627  233    -95 1627  233    6  6  6   13 13 13   53
259        95  1612  233     97  1622  245     99 1622  250     -107  1620  245   -115  1620  245   -120 1620  245    7  7  6    5  5  5   32
260       102  1607  243    102  1607  243    102 1607  243     -104  1610  242   -110  1610  242   -110 1610  242    7  6  7    4  5  5   26
261        90  1622  244     92  1622  244     93 1622  244     -108  1607  243   -110  1627  234   -108 1607  243    5  5  5    5  6  4   27
262       117  1608  232    116  1608  232    114 1608  232      -95  1613  229   -100  1609  233   -107 1609  233    5  5  5    9  8  8   37
263        99  1613  243    101  1622  250    105 1622  250      -93  1618  246    -97  1618  246    -99 1619  246    5  5  5    5  6  7   28
264       111  1608  246    111  1608  246    111 1608  246     -100  1606  246   -106  1606  246   -106 1606  246    6  6  6    8  8  8   37
265       103  1606  246    107  1606  246    107 1606  246     -101  1608  229   -105  1607  228   -105 1607  228    6  7  7    4  7  7   38
266       108  1625  233    106  1625  233    107 1607  241     -119  1618  247   -117  1618  247   -116 1618  247   12 10  9    5  5  6   47
267       114  1607  244    122  1607  244    122 1607  244     -111  1610  231   -118  1610  231   -120 1610  231    7  9 10    6  7  7   45
268       102  1608  242    111  1608  242    118 1608  242     -115  1608  240   -123  1608  240   -130 1608  240    7  7  6    7  7  7   38
269        99  1620  243    104  1618  245    108 1618  245      -94  1631  235    -95  1631  235    -97 1625  231    5  4  4    7 10  9   38
270       102  1629  234    102  1629  234    102 1629  234     -107  1606  228   -117  1606  228   -119 1606  228   12 13 10    8  7  8   55
271        98  1606  228    108  1606  228    110 1606  228     -106  1617  247   -111  1617  247   -113 1617  247    7  7  6    3  3  4   25
272       108  1604  237    112  1604  237    112 1604  237     -103  1614  227   -101  1612  233   -106 1614  227    9  7  5    8  7  9   42
273       109  1606  237    116  1606  237    116 1606  237     -117  1622  230   -117  1622  230   -117 1622  230    7  8  8    9  8  7   44
274        95  1602  241     95  1602  241     95 1602  241     -101  1603  235   -111  1603  235   -111 1603  235    4  5  6    7  9  9   40
275       120  1603  236    125  1603  236    125 1603  236     -104  1605  237   -109  1605  237   -109 1605  237    7  7  6    7  5  9   37
276       101  1604  224    109  1604  224    109 1604  224     -107  1604  235   -117  1604  235   -120 1604  235    6  8  7    6  6  7   34
277       112  1614  234    117  1614  234    119 1608  236     -121  1607  235   -124  1607  235   -132 1612  225    6  6  5    6  7  8   38
278       113  1603  234    111  1603  234    117 1623  226     -127  1605  235   -137  1605  235   -144 1605  235    7  6  7    6  7  7   38
279       114  1606  235    121  1606  235    123 1602  237     -125  1608  229   -125  1608  229   -127 1608  229    6  5  4    7  7  7   35
280       116  1600  234    121  1600  234    121 1600  234     -110  1620  230   -112  1620  230   -113 1610  239    5  5  5    8  7  6   36
281       111  1606  222    114  1603  234    115 1603  234     -126  1606  227   -121  1602  233   -124 1606  227    9  8  7    9  9  9   45
282       110  1609  230    113  1609  230    114 1600  222     -113  1606  222   -116  1604  228   -118 1604  228    8  6  8    7  5  5   32
283       103  1607  231    113  1608  228    117 1610  239     -118  1608  236   -121  1608  236   -125 1598  232    8  7  4    5  5  6   35
284       115  1600  232    116  1606  229    116 1600  232     -123  1602  225   -129  1602  225   -133 1602  225    8  8  7    7  6  6   42
285       111  1594  230    118  1594  230    119 1616  223     -111  1603  233   -115  1615  222   -119 1594  232    4  4  5    8  9  8   38
286       107  1607  237    108  1593  219    116 1593  219     -101  1604  237   -104  1604  237   -104 1604  237    6  7  5    9  9  9   39
287        88  1594  235     88  1608  235     88 1602  220     -107  1614  225   -106  1614  225   -105 1592  218    5  6  7    5  6  7   30
288       123  1597  232    131  1592  234    131 1592  234     -109  1608  238   -117  1605  229   -122 1615  227    6  5  5    4  5  5   24
289       124  1603  226    129  1603  226    137 1604  223     -113  1607  230   -118  1607  230   -124 1600  234    8  6  8    9  8  6   34
290       119  1606  224    124  1604  232    132 1606  224     -121  1603  234   -120  1610  229   -119 1612  225    9  9  8    7  7  7   41
291       127  1607  227    129  1607  227    130 1607  227     -106  1611  232   -111  1611  232   -115 1604  235    7  7  8    6  7  6   37
292       121  1602  235    131  1602  235    138 1602  235     -107  1615  227   -111  1615  227   -110 1615  227    8  8  7    9 10 10   46
293       111  1611  224    113  1611  224    119 1611  224     -113  1613  234   -113  1613  234   -115 1604  225    5  4  5    5  5  6   30
294       113  1611  228    116  1612  225    127 1612  225     -112  1617  230   -114  1615  242   -118 1616  231   11 13 14    6  4  6   54
295       118  1613  235    125  1613  235    132 1613  235     -114  1618  231   -122  1618  231   -122 1610  237    8 10  8    9  9  9   53
296       118  1620  237    124  1617  235    127 1621  237     -118  1621  232   -123  1621  232   -127 1621  232    9 10  9    8 11 11   56
297       125  1623  235    128  1621  233    140 1623  235     -119  1620  237   -126  1620  237   -124 1620  237   10  8  5    8  6  7   43
298       110  1621  223    114  1621  223    119 1621  223     -109  1625  223   -115  1625  223   -121 1624  221    9 10  9    7  8  9   46
299       111  1621  217    118  1621  217    118 1617  222     -101  1619  222   -109  1621  214   -122 1621  214    9  9  9    5  7  7   40
300        77  1604  217     90  1620  215    102 1619  212      -78  1592  207    -88  1592  207   -103 1602  199    5  8 10    9 11 16   59
301        79  1587  204     89  1595  199    102 1602  201      -81  1559  201    -90  1567  195   -103 1568  193   10 12 14    4  6  8   54
302        81  1559  201     89  1562  199    102 1568  193      -83  1532  192    -93  1528  181   -105 1545  187    4  6  9    6  7  8   37
303        82  1528  192     92  1521  190    104 1545  187      -87  1475  183    -96  1475  183   -109 1475  183    6  7  8   11 11 11   51
304        85  1475  183     94  1475  183    107 1475  183      -89  1432  175    -98  1432  175   -109 1447  175    6  8  8    9  8 10   37
305        88  1432  175     98  1433  171    108 1447  175      -93  1352  149   -103  1341  153   -113 1341  153    4  5  7   11  9 10   46
306        90  1334  152    101  1334  152    111 1359  154      -95  1254  132   -104  1277  136   -116 1271  125    6  5  6    8  6  8   39
307        93  1275  135    102  1276  135    115 1276  135      -97  1167   96   -105  1167   96   -118 1167   95    3  4  4   16 12 20   51
308        94  1182  109    103  1184  110    113 1182  109      -99  1055   80   -108  1055   80   -119 1062   75    6  5  6   11 12 12   45
309        96  1062   87    105  1062   87    117 1061   81      -99   946   61   -106   929   61   -116  941   50    4  5  7    8  9 12   42
310        99   930   65    105   945   61    117  931   55      -99   858   47   -108   859   47   -116  844   38    3  5  8   13 12 14   52
311        96   869   50    105   869   50    116  844   38      -99   763   33   -107   763   33   -118  750   31    6  5  7    6  7 12   38
312        97   747   43    106   747   43    117  773   41      -97   648   40   -106   666   33   -118  653   28    5  5  6    9 11 12   45
313        97   669   41    105   668   39    118  668   39      -97   598   38   -106   598   38   -117  615   37    6  8  8    5  5  7   34
314        95   601   40    105   592   35    115  615   37      -97   539   43   -105   539   41   -114  533   30    4  5  6    5  6 13   38
315        94   539   43    103   539   41    114  527   31      -96   474   34   -105   474   34   -116  474   35    5  6 10    7 10 11   43
316        94   480   44    102   468   43    115  475   35      -95   444   47   -104   442   46   -113  424   39    5  6 10    8  9 10   42
317        94   444   47    103   442   46    112  438   45      -95   391   53   -102   392   54   -113  392   54   10 11 13    5  4  4   44
318        93   392   54    102   392   54    113  392   54      -94   372   50   -103   372   50   -113  378   57    4  4  4    9  9  9   39
319       135   366   48    141   366   48    142  366   48     -127   365   51   -132   365   51   -142  365   51    9  9  8   10 12 13   53
320       128   364   50    131   364   50    143  364   50     -140   366   55   -145   366   55   -155  366   55    8  8  9   11 12 11   52
321       134   372   58    135   372   58    140  364   52     -128   362   58   -133   361   58   -138  363   65    9  9 10    6  5  4   40
322       120   379   62    122   371   53    129  371   53     -117   377   64   -126   377   64   -137  377   64    6  8  7    9  9 10   43
323       120   363   65    124   363   65    124  363   65     -141   373   59   -136   373   59   -140  373   59    6  6  6    7  6  7   29
324       128   382   62    128   382   62    130  365   49     -125   365   51   -125   382   64   -132  382   64   10 10 11   10  7  8   53
325       121   365   51    124   365   51    123  365   51     -109   365   49   -108   365   49   -106  365   49    9 10  9    5  7  8   45
326       121   368   62    119   368   62    121  368   62     -110   368   64   -116   366   45   -118  366   45    6  6  6    9  9 10   37
327       127   374   46    127   374   46    129  374   46     -122   375   45   -131   375   45   -138  375   45    7  6  6    8  8  8   37
328       129   372   53    133   372   53    139  367   53     -138   366   58   -143   366   58   -151  366   58   10 11  8    9  7  7   44
329       132   366   55    140   366   55    149  366   55     -126   370   60   -133   370   60   -143  370   60   10 10  9    9 11 11   52
330       139   373   56    140   373   56    144  373   56     -122   365   62   -128   373   51   -136  373   51    5  5  6    7  7  7   37
331       125   365   64    129   365   64    129  365   64     -124   363   67   -131   363   67   -138  363   67    7  8  8    6  6  6   41
332       121   363   66    126   363   66    130  363   66     -124   377   68   -126   377   68   -126  377   68    6  7  7    9  9  9   38
333       129   376   67    136   376   67    147  376   67     -116   371   50   -125   371   50   -126  371   50   10  9 11    6  6  7   43
334       247   363   62    240   362   62    231  362   61     -120   358   55   -130   358   55   -138  361   65   10  9 10   11 10 11   56
335       133   369   64    138   369   64    138  362   64     -224   363   62   -225   363   62   -220  363   62    6  6  6   11 11 10   49
336       206   361   66    203   361   66    204  361   66     -255   362   63   -255   362   63   -255  362   63    9  8  9   11 12 12   58
337       211   360   68    206   360   68    198  360   68     -244   361   65   -247   361   65   -241  361   65    8  8  8   11 13 10   53
338       173   359   70    167   359   69    178  359   69     -255   360   66   -255   360   66   -252  360   66   10 10 11   14 11 11   67
339       193   359   72    174   359   72    171  359   72     -252   359   69   -255   359   69   -248  359   69    8  9  9    9  8  8   48
340       165   357   73    159   357   73    163  357   73     -241   358   70   -234   358   70   -231  358   70    8  9  7    6  6  7   40
341       146   356   74    164   356   74    160  356   74     -240   358   73   -255   357   72   -255  357   72    8 11 12    9 12 11   54
342       169   354   72    182   354   73    177  354   73     -130   356   79   -128   356   79   -127  356   79    7  6  7    8  5  5   38
343       137   351   65    147   351   65    152  351   65     -255   355   73   -255   354   73   -249  355   73    6  6  6   11 10 11   50
344       139   351   67    145   351   67    150  365   79     -139   351   69   -142   363   79   -141  362   68    5  5  5    9  8 10   39
345       145   351   69    147   351   69    152  351   69     -139   362   70   -142   359   77   -150  357   77   14 14 14   13 11 11   74
346       125   360   77    133   363   69    135  357   77     -129   362   73   -137   362   73   -140  362   73   11 12 12    9  9  8   61
347       133   363   73    141   363   73    140  363   73     -126   365   65   -134   365   65   -140  365   65   11 11  9   15 15 16   68
348       131   367   67    140   367   67    140  367   67     -133   366   73   -140   366   73   -152  366   73    8  9 11    7  7  6   39
349       136   381   70    143   381   70    153  381   70     -124   364   63   -125   363   65   -128  364   63    6  5  6    4  4  5   28
350       118   369   64    128   369   64    136  369   64     -124   372   66   -125   362   63   -124  362   63    7  8  7    7  9  8   40
351       108   356   74    108   356   74    113  362   66     -127   357   72   -129   357   72   -134  360   73    7  7  9    6  7  7   41
352       118   342   77    123   342   77    127  342   77     -133   343   75   -141   343   75   -138  343   75    7  7  7    9  8  8   43
353        94   325   81    103   325   81    113  325   73      -95   298   86   -102   297   82   -113  297   77    7  7 10    5  6  8   43
354        94   298   86    101   297   82    113  295   77      -95   270   79   -104   270   79   -113  270   81    6  7  9    5  8 11   46
355        94   273   91    102   285   86    114  270   81      -95   251   91   -103   238   94   -112  236   87    7  8 14    7  6  8   44
356        92   238   94    101   238   94    110  236   87      -96   208   98   -105   208   98   -115  208   98    5  5  8    9 10  9   41
357        92   212  103    101   210  101    111  210  101      -93   171  108   -102   174  107   -112  180  111    5  6  6    4  5  5   25
358        92   172  112    101   180  111    112  180  111      -93   130  119   -101   132  120   -110  128  117    4  5  6   10  9 10   36
359        90   130  124     99   129  123    109  128  117      -93    97  129   -100    97  128   -109   93  128    6  7  9    5  8  7   42
360        89    95  135     98    96  129    109   93  128      -92    57  145   -101    57  145   -107   57  145    3  7  7    7  5  7   36
361        90    61  153     99    61  153    102   61  153      -95     5  186   -103     9  194   -111    9  194    5  6  5    7  7  8   38
362        92     9  200    101     9  194    109    9  194      -53   224  399    -53   224  399    -53  224  399    5  7  8    2  2  2   26
363        44   224  399     41   224  399     42  224  399      -36   220  474    -35   220  474    -38  220  474    4  4  4    2  2  2   6
364        37   220  474     36   220  474     39  220  474      -57   249  486    -57   249  486    -57  249  486    1  1  1    1  1  1   6
365        57   249  486     57   249  486     57  249  486      -34   264  403    -35   264  403    -32  264  403    1  1  1    2  2  2   6
366        24   264  403     24   264  403     24  264  403      -49   348  421    -49   348  421    -49  348  421    1  1  1    2  2  2   6
367        44   348  421     44   348  421     44  348  421      -66   311  410    -66   311  410    -66  311  410    1  1  1    3  3  3   9
368        63   311  410     63   311  410     63  311  410      -61  1450  121    -61  1450  121    -61 1450  121    2  2  2    2  2  2   12
369        58  1450  121     58  1450  121     58 1450  121      -68  1592  246    -68  1592  246    -68 1592  246    2  2  2    1  1  1   9
370        64  1592  246     64  1592  246     64 1592  246      -72  1735  381    -71   276  418    -72 1735  381    2  2  2    4  3  4   11
371        70   276  418     70   276  418     70  276  418      -47   214  457    -47   214  457    -47  214  457    2  2  2    3  3  3   15
372        44   214  457     44   214  457     44  214  457      -20  1857  490    -18  1857  490    -19 1857  490    3  3  3    1  1  1   6
373        13  1857  490     13  1857  490     13 1857  490      -57   191  499    -57   191  499    -57  191  499    0  0  0    1  1  1   3
374        62   191  499     56   191  499     61  191  499      -10   192  498    -11  1877  493    -12  192  498    1  1  1    0  0  0   3
375        10  1419  199      9    24  489      9   24  489      -16  1723  204    -16  1723  204    -16 1723  204    0  0  0    1  1  1   0
376        13     5  435     13     5  435     13    5  435      -11  1800  425    -10  1603  176    -10 1603  176    0  0  0    0  0  0   0
377        11    25  498     11    25  498     11   25  498      -33   277  477    -32   277  477    -35  277  477    0  0  0    3  3  3   8
378        27   277  477     24   277  477     28  277  477      -41   359  424    -43   359  424    -42  359  424    3  3  4    2  2  3   9
379        39   358  423     39   358  423     39  358  423      -56   391  305    -56   391  305    -56  391  305    2  2  2    4  4  4   15
380        52   391  305     52   391  305     52  391  305      -42   435  196    -42   435  196    -42  435  196    4  4  4    5  5  5   15
381        24   434  206     24   434  206     24  434  206      -31   435  179    -31   435  179    -31  435  179    1  1  1    1  1  1   6
382        15   435  196     15   435  196     15  435  196      -17   443  127    -17   443  127    -17  443  127    1  1  1    1  1  1   0
383        14   431  217     14   431  217     16  431  217      -24   477    5    -24   477    5    -24  477    5    0  0  1    2  2  2   3
384        13   477    5     14   477    5     12    5  445      -10     3  442    -10     3  442    -10    3  442    0  0  0    0  0  0   0
385        14    20  486     14     1  438     14   20  486      -22     1  441    -17     1  441    -20    1  441    0  0  0    1  1  2   1
386        12    26  493     12     3  471     13    3  471      -40   350   35    -40   350   35    -40  350   35    0  0  0    3  3  3   6
387        25   350   35     25   350   35     25  350   35      -34   336   13    -34   336   13    -34  336   13    1  1  1    2  2  2   6
388        21   336   13     21   336   13     21  336   13      -26   345   96    -26   345   96    -26  345   96    2  2  2    2  2  2   7
389        19   345   96     19   345   96     19  345   96      -36   398  116    -36   398  116    -36  398  116    1  1  1    3  3  3   6
390        29   398  116     29   398  116     29  398  116      -25   373   56    -25   373   56    -25  373   56    1  1  1    2  2  2   6
391        15   373   56     15   373   56     15  373   56      -25   363   43    -25   363   43    -25  363   43    1  1  1    1  1  1   3
392        16    19  494     16    19  494     17   19  497      -19   441   48    -19   441   48    -21  410    1    2  1  2    2  2  4   1
393        17    17  497     16    17  497     19   17  497      -26   414   19    -26   414   19    -26  414   19    1  1  1    3  2  3   3
394        17   410    1     15   410    1     16  410    1      -14   398   43    -14   398   43    -14  398   43    1  1  1    0  0  0   0
395         9    20  498      9    20  498      9   20  498      -20   414   20    -20   414   20    -20  414   20    0  0  0    2  2  2   0
396        13   405   37     13   405   37     13  405   37      -10    21  487    -10    21  487    -10   21  487    0  0  0    0  0  0   0
397        10  1614  177     10  1614  177     10 1614  177      -11    20  498    -11    20  498    -11   20  498    0  0  0    0  0  0   0
398        12   780   19     12   780   19     12  780   19      -10    23  498    -10    23  498    -10   23  498    0  0  0    0  0  0   0
399        12    17  499     12    17  499     12   17  499      -12    19  497    -12    19  497    -12   19  497    0  0  0    0  0  0   0
400        12    27  473     13     0  443     15   16  484      -16    16  486    -14    16  486    -15    2  438    0  0  1    1  0  1   0
401        37    33   98     37    33   98     37   33   98      -80    33  105    -88    29  100    -91   29  100    4  4  4    3  5  5   16
402        79    33  105     87    29  100     90   29  100      -75    87   44    -82    83   40    -90   83   40    2  4  4    4  6  6   21
403        72    83   39     81    83   40     89   83   40      -42    83   35    -43    83   35    -38   83   35    5  5  5    6  6  6   22
404        11  1287  246     10  1724  406      9 1724  406      -25   320   19    -25   320   19    -25  320   19    0  0  0    3  3  3   6
405        17   319   20     17   319   20     17  319   20      -41   264   89    -41   264   89    -41  264   89    1  1  1    1  1  1   3
406        36   264   89     36   264   89     36  264   89      -32   238  198    -32   238  198    -32  238  198    2  2  2    2  2  2   6
407        18   246  189     18   246  189     18   15  499      -38   195  307    -38   195  307    -38  195  307    3  3  1    4  4  4   9
408        27   195  307     27   195  307     27  195  307      -53   230  351    -53   230  351    -53  230  351    1  1  1    3  3  3   9
409        47   230  351     47   230  351     47  230  351     -109   467  404   -109   467  404   -107  467  404    2  2  2    2  2  2   12
410       106   467  404    106   467  404    106  467  404      -12     0  405    -13   237  398    -12    0  405    2  2  2    0  0  0   6
411        14    13  498     14    13  498     15    6  444      -11     3  393    -11     3  393    -13    0  446    0  0  1    0  0  0   0
412        12  1813   91     12  1813   91     12    2  440      -11  1006  369    -10     0  442    -10 1774  301    0  0  0    0  0  0   0
413        14    16  499     14    16  499     14   16  499      -12   359   68    -12   359   68    -12  359   68    0  0  0    0  0  0   0
414        17    27  489     17    27  489     19   27  489      -23    16  499    -23    16  499    -18   16  499    1  1  2    2  2  2   2
415        15    11  492     13    26  493     13   26  493      -15    16  491    -15    16  491    -15   16  491    1  0  0    1  1  1   0
416        10     7  446     10   302  435     10  302  435       -9    24  484     -9    24  484     -9   24  484    0  0  0    0  0  0   0
417        13    11  498     14    11  498     13 1794  248      -14    15  496    -14    15  496    -14   15  496    0  0  0    0  0  0   0
418        11    16  492     11    16  492     11   16  492      -10  1756  495    -10   986  146    -10  986  146    0  0  0    0  0  0   0
419        10     7  443     10     7  443     10    7  443      -12  1486  238    -12  1486  238    -12 1486  238    0  0  0    0  0  0   0
420        11   889   18     10  1863  252     10 1863  252      -10     4  391    -11  1757  242    -10    4  391    0  0  0    0  0  0   0
421        11    22  499     11    22  499     11   22  499      -11     2  446    -11     2  446    -11    2  446    0  0  0    0  0  0   0
422        15     6  437     16     6  437     15   16  499      -13     2  472    -15     2  472    -15    7  438    1  1  1    0  1  1   0
423        10   158  106      8  1574  445      9 1630  121      -10  1427  227     -9  1407  489    -10  643  485    0  0  0    0  0  0   0
424        16  1757  498     11  1757  498     12 1757  498      -11    24  492    -12     3  452    -14    3  452    1  0  0    0  0  0   0
425        11    19  496     11    19  496     12  536  197      -13    17  499    -13    17  499    -13   17  499    0  0  0    0  0  0   0
426        10    17  499     10    21  494     12   17  499      -13    27  493    -13    27  493    -13   27  493    0  0  0    0  0  0   0
427        11    10  495     11    10  495     11   10  495       -9   131  365    -10  1414  184     -9  131  365    0  0  0    0  0  0   0
428        11  1414  184     11  1414  184     11 1414  184      -11  1458   87    -11  1458   87    -11 1458   87    0  0  0    0  0  0   0
429        14    30  489     14    30  489     14   10  489      -13    27  494    -14    22  483    -16   17  498    0  0  0    0  0  1   0
430         9     4  441      9  1849  479     11  593  186      -13  1831  412    -10  1773  449    -10 1773  449    0  0  0    0  0  0   0
431         9    22  490      9    22  490     10 1052  423      -11    11  497    -11    11  497    -11   11  497    0  0  0    0  0  0   0
432         9   227  478      9   227  478      9  227  478      -11  1597  341    -10   234  100    -10  234  100    0  0  0    0  0  0   0
433        11   893   27     10    27  478     10   27  478      -10  1842  433    -10  1842  433    -10 1842  433    0  0  0    0  0  0   0
434        11     7  442     11     7  442     11  643  480      -10  1021   46    -10  1021   46    -10 1021   46    0  0  0    0  0  0   0
435        10  1005  390     10  1005  390     10 1005  390      -10  1585  230     -9  1585  230     -8  840  213    0  0  0    0  0  0   0
436        13     8  435     12    13  496     15    0  456      -13  1660  328    -12    29  483    -12   18  483    0  0  1    0  0  0   0
437        12    32  481     12    32  481     12   32  481      -11     8  435    -11     8  435    -11    8  435    0  0  0    0  0  0   0
438         9    16  489      9    16  489      9   16  489      -10  1557  115    -10  1557  115    -10 1894  325    0  0  0    0  0  0   0
439        10  1572  266     10  1572  266     10 1572  266      -10  1837  406    -10  1666   95    -10  797  100    0  0  0    0  0  0   0
440        11  1666   95     10   225  430     11 1666   95      -11  1559  398    -10   304  421    -10  304  421    0  0  0    0  0  0   0
441        12     2  472     12     2  472     12    2  472      -10   102  302    -10   102  302    -10  102  302    0  0  0    0  0  0   0
442        11  1139   79     10    18  490     10   18  490      -14    24  492    -14    24  492    -14   24  492    0  0  0    0  0  0   0
443         9  1045   40     10  1492  227      9 1492  227      -10  1315  137     -9   457  268     -9  457  268    0  0  0    0  0  0   0
