1          62    39  978     64    39  978     57   39  978      -52    55  986    -52    55  986    -52   55  986    5  5  5    3  3  3   18
2          39     1  878     39     1  878     39    1  878      -32  1744  759    -32  1744  759    -32 1744  759    3  3  4    4  4  4   16
3          47    55  996     47    55  996     47   55  996      -55     2  921    -55     2  921    -55    2  921    5  5  5    3  3  3   21
4          37    42  985     37    42  985     37   42  985      -38    45  986    -38    45  986    -38   45  986    4  4  4    4  4  4   21
5          33  3644  367     33  3644  367     33 3644  367      -22   612   94    -22   612   94    -22  612   94    6  5  6    6  5  6   19
6          41     3  948     41     3  948     41    3  948      -40   760   65    -40   760   65    -39   35  990    5  5  5    4  4  3   23
7          31    58  975     31    58  975     31   58  975      -49     5  886    -49     5  886    -49    5  886    5  5  5    5  5  5   22
8          42   646  200     42   646  200     42  646  200      -76   464  379    -76   464  379    -76  464  379    9  9  9    6  6  6   39
9          48   464  379     48   464  379     48  464  379      -82   294  566    -82   294  566    -82  294  566    6  6  6    7  7  6   35
10         66   293  566     63   293  566     66  293  566      -93   120  761    -92   120  761    -95  120  761   10 10  8    8  7  7   45
11         83    70  270     86    70  269     86   70  269      -89   180  517    -90   180  517    -87  180  517   12 13 13    8  8  8   59
12         88   180  517     88   180  517     88  180  517      -98   359  836    -98   359  836    -98  359  836    5  5  5    6  6  6   30
13         98   359  836     98   359  836     98  359  836      -43     7  940    -43     7  940    -43    7  940    8  8  8    3  3  3   33
14         37  1366   63     37  1366   63     37 1366   63      -52    53  968    -52    53  968    -52   53  968    6  6  6    8  8  8   39
15         44     7  888     42     7  888     46    7  888     -117   640  841   -117   640  841   -117  640  841    5  5  5   10 10 10   39
16        116   640  841    116   640  841    116  640  841      -97   440  618    -97   440  618    -97  440  618    6  6  6    6  6  6   33
17         89   442  618     86   442  618     89  442  618      -86   458  478    -87   458  478    -84  458  478    9  7  7   13 11 13   55
18         69   458  478     69   458  478     69  458  478      -49    43  990    -49    43  990    -49   43  990    8  8  8    4  4  4   33
19         43    41  986     43    41  986     43   41  986      -59   270  283    -59   270  283    -59  270  283    4  4  4    6  6  6   24
20         60     1  914     60     1  914     60    1  914      -52    27  982    -52    27  982    -52   27  982    6  6  6    4  4  4   24
21         76    35  998     76    35  998     76   35  998      -54  3084  809    -54  3084  809    -54 3084  809    2  2  2    5  5  5   18
22         57    33  984     57    33  984     57   33  984      -46    23  998    -46    23  998    -46   23  998    5  5  5    2  2  2   18
23         60    43  990     60    43  990     60   43  990      -75     5  886    -75     5  886    -75    5  886    7  7  6    5  5  4   24
24         75    59  962     77    59  962     83   59  962      -45    44  989    -47    44  989    -47   44  989    8  7  8    5  6  5   32
25         32     1  940     32     1  940     32    1  940      -39     7  940    -39    39  978    -39    7  940    3  3  3    4  3  4   20
26         38     5  904     39    55  950     38    5  904      -47    54  951    -44    54  951    -48   54  951    5  4  5    7  7  7   26
27         49    30  987     49    30  987     49   30  987      -43     5  886    -43     5  886    -43    5  886    4  4  4    6  6  6   24
28         45    32  995     45    32  995     45   32  995      -38    17  862    -38    17  862    -38   17  862    4  4  4    5  5  5   21
29         43    31  990     43    31  990     43   31  990      -55     1  904    -55     1  904    -55    1  904    6  6  6    5  5  5   27
30         40     5  786     40     5  786     40    5  786      -52     3  942    -52     3  942    -52    3  942    4  4  4    7  7  7   21
31         70     1  904     70     1  904     70    1  904      -47     2  945    -47     2  945    -47    2  945    7  7  7    7  7  7   36
32         51    40  988     54    40  988     50   40  988      -52     7  887    -52     7  887    -54    7  887    4  5  3    6  5  5   23
33         51    54  985     51    54  985     51   54  985      -48    66  959    -48    66  959    -48   66  959    5  5  5    4  4  4   21
34         58    46  999     58    46  999     58   46  999      -50    45  988    -50    45  988    -47   45  988    2  2  2    4  4  4   18
35         37    27  982     37    27  982     37   27  982      -43    67  940    -43    67  940    -43   67  940    3  3  3    5  5  5   15
36         37    53  974     37    53  974     37   53  974      -38    35  990    -38    35  990    -38   35  990    5  5  5    6  6  6   24
37         47    59  960     47    59  960     47   59  960      -30  3776  591    -30  3776  591    -30 3776  591    5  5  5    4  4  4   24
38         49    23  980     49    23  980     49   23  980      -38    15  875    -38    15  875    -38   15  875    2  2  2    7  7  7   21
39         51    43  976     53    27  999     51   43  976      -58    42  977    -60    42  977    -58   42  977    4  2  4    5  6  4   21
40         51    41  992     51    41  992     51   41  992     -109  1161  972   -109  1161  972   -109 1161  972    4  4  4    6  6  6   27
41        109  1161  972    109  1161  972    109 1161  972     -100  1147  827   -100  1147  827   -100 1147  827    8 11 11    8  8 10   44
42        102  1148  827    102  1148  827    102 1148  827     -101  1220  515   -101  1220  515   -101 1220  515    8  8  8   10 10 10   42
43         97  1220  515     99  1220  515     98 1220  515     -103  1385  143   -111  1385  143   -111 1385  143    8  8  8    9  8  8   46
44        101  1385  143    109  1385  143    109 1385  143      -42   984  579    -42   984  579    -42  984  579    8  8  8    4  4  4   33
45         41   984  579     41   984  579     41  984  579      -43    55  986    -43    55  986    -43   55  986    9  9  9    4  4  4   30
46         48     3  918     48     3  918     48    3  918      -51     1  916    -49     1  916    -54    1  916    5  4  6    9  7  8   25
47         64    55  950     64    55  950     64   55  950      -57  1549  789    -57  1549  789    -57 1549  789    6  7  7    6  5  8   36
48         47     5  886     47     5  886     47    5  886      -62    55  950    -62    55  950    -62   55  950    4  4  4    6  6  5   19
49         44    53  980     44    53  980     44   53  980      -41    59  999    -41    59  999    -41   59  999    4  4  4    1  1  1   9
50         42    50  975     42    50  975     42   50  975      -46     1  808    -46     1  808    -46    1  808    7  7  8    5  5  5   28
51         35    37  992     35    37  992     35   37  992      -43  2063  157    -43  2063  157    -43 2063  157    5  5  5    8  8  7   26
52         47    46  999     47    46  999     47   46  999      -49    37  992    -49    37  992    -49   37  992    1  1  1    4  4  4   12
53         48    60  961     48    60  961     48   60  961      -71     3  942    -71     3  942    -71    3  942    6  7  7    8  8  9   30
54         59     3  942     58     3  942     61    3  942      -71   658  307    -70   658  307    -73  658  307    8  7  6   10  9 12   37
55         72   658  307     72   658  307     72  658  307      -76    59  962    -76    59  962    -76   59  962    5  5  5    6  5  5   27
56         50    59  962     50    59  962     50   59  962      -52     1  916    -52     1  916    -52    1  916    5  5  5    4  4  4   21
57         64     1  904     64     1  904     64    1  904      -69     1  914    -69     1  914    -69    1  914    6  6  6    5  5  5   27
58         70     1  914     70     1  914     70    1  914      -51     5  892    -51     5  892    -51    5  892    5  4  5    4  4  4   26
59         31  1259  322     31  1259  322     31 1259  322      -37     7  882    -37     7  882    -37    7  882    5  5  5    4  4  3   18
60         54     7  908     54     7  908     54    7  908      -47     7  942    -45     7  942    -45    7  942    6  5  7    6  6  6   26
61         60    33  980     64    33  980     63   33  980      -52     3  944    -52    50  981    -54    3  944    7  6  6    7  4  6   26
62         42    32  995     42    32  995     42   32  995      -37    59  966    -37    59  966    -37   59  966    3  3  3    2  2  2   12
63         42     1  930     45     1  930     44    1  930      -52     1  912    -52     1  912    -52    1  912    3  3  3    5  4  4   21
64         47     1  912     47     1  912     47    1  912      -54    33  980    -54    33  980    -54   33  980    5  5  5    5  5  5   24
65         65     1  904     65     1  904     65    1  904      -40    27  988    -40    27  988    -40   27  988    4  4  4    4  4  4   24
66         46     7  882     46     7  882     46    7  882      -51     5  887    -51     5  887    -51    5  887    4  4  5   10  6  7   29
67         53     1  906     53     1  906     53    1  906      -45     1  946    -45     1  946    -45    1  946    3  3  3    5  5  5   21
68         39    54  981     39    54  981     39   54  981      -36     8  886    -36     8  886    -36    8  886    3  3  4    2  2  3   14
69         65    32  995     63    32  995     63   32  995      -73     1  944    -74     1  944    -71    1  944    4  4  4    5  5  6   25
70         79     1  944     79     1  944     79    1  944      -41     2  945    -41     2  945    -41    2  945    5  5  5    8  8  8   36
71         41    46  990     41    46  990     41   46  990      -46     5  926    -47     5  926    -44    5  926    5  5  5    7  7  7   30
72         76    33  980     76    33  980     76   33  980      -35    39  992    -35    39  992    -35   39  992    4  4  4    5  5  5   15
73         33  3421  753     33  3421  753     33 3421  753      -52    43  990    -52    43  990    -52   43  990    6  6  6    3  3  3   24
74         37    35  998     37    35  998     37   35  998      -55    35  990    -55    35  990    -55   35  990    2  2  2    4  4  4   9
75         43    35  990     43    35  990     43   35  990      -55     5  892    -53    37  990    -53   37  990    4  4  4    6  5  4   24
76         57    51  998     59    51  998     59   51  998      -61   812  112    -61   812  112    -61  812  112    2  2  2    7 10  9   29
77         41   812  112     41   812  112     41   11  890      -31     2  901    -29  3792  999    -30    2  901    8  8  7    3  2  3   22
78         46     1  808     46     1  808     46    1  808      -44    59  978    -44    59  978    -44   59  978    6  6  6    3  3  3   24
79         46    55  950     46    55  950     46   55  950      -45    13  866    -44    13  866    -49   13  866    5  4  6    8  5  8   31
80         42     1  916     42     1  916     42    1  916      -48   688  297    -48   688  297    -48  688  297    5  5  5    5  4  5   21
81         38   717  286     38   717  286     38  717  286      -90   683  713    -90   683  713    -90  683  713    9  9  8    8  8  9   42
82         78   683  713     81   683  713     80  683  713      -43  2806  455    -43  2806  455    -43 2806  455    5  5  5    4  4  4   24
83         57    53  964     54    53  964     55   53  964      -59  2933  583    -59  2933  583    -59 2933  583    9  7  9   10 12 12   52
84         54  2933  583     54  2933  583     54 2933  583      -72  3118  763    -72  3118  763    -72 3118  763    6  6  6    6  6  6   30
85         73  3118  763     71  3118  763     71 3118  763      -48    12  891    -50    12  891    -49   12  891    6  6  7    8  7  7   36
86         37  3526  879     36    50  997     39 3526  879      -37     4  927    -37     4  927    -37    4  927    3  2  3    6  6  5   17
87         36  3762  379     36  3762  379     36 3762  379      -68     1  906    -68     1  906    -68    1  906    6  6  6    4  4  4   27
88         93     1  906     92     1  906     97    1  906      -53     0  904    -53     0  904    -49    0  904    7  8  8    6  6  6   36
89         70    27  982     71    27  982     68   27  982      -33  2110   83    -33  2110   83    -33   30  980    4  4  4    5  5  4   23
90         32    46  999     32    46  999     32   46  999      -73     1  906    -73     1  906    -73    1  906    1  1  1    5  6  5   19
91         71    53  980     73    53  980     73   53  980      -55    38  991    -52    38  991    -56   38  991    6  7  6    6  5  6   25
92         52     1  906     52     1  906     52    1  906      -44    53  980    -44    53  980    -44   53  980    4  4  4    8  7  8   26
93         28    52  959     28    52  959     30 3250  263      -32  3814  703    -32  3814  703    -32 3814  703    4  4  6    8  7  7   22
94         56     1  906     56     1  906     56    1  906      -60    59  962    -60    59  962    -60   59  962    8  8  9   10  9  9   39
95         41    23  984     41    23  984     41   23  984      -39    32  983    -39    32  983    -39   32  983    3  3  3    5  5  5   18
96         40     1  944     40     1  944     40    1  944      -51    16  865    -53    16  865    -52   16  865    7  8  7    6  6  6   37
97         58   576  847     58   576  847     58  576  847      -39     3  927    -39     3  927    -39    3  927    7  8  6    8  8  8   34
98         62    44  989     62    44  989     62   44  989      -65    47  998    -65    47  998    -65   47  998    4  4  4    4  4  5   18
99         49     0  904     49     0  904     49    0  904      -74     1  906    -74     1  906    -74    1  906    7  7  7    5  5  5   33
100        47    37  998     47    37  998     47   37  998      -47    37  990    -47    37  990    -47   37  990    3  3  3    3  3  3   12
101        36    45  991     36    45  991     36   45  991      -58    13  882    -58    13  882    -58   13  882    3  3  3    5  6  5   16
102        41    13  882     41    13  882     41   13  882      -35    61  958    -35    61  958    -35   61  958    8  8  8    5  5  5   21
103        47    55  986     47    55  986     47   55  986      -60     5  892    -60     5  892    -60    5  892    3  3  2    7  7  7   18
104        38    13  884     38    13  884     38   13  884      -45    37  982    -45    37  982    -45   37  982    7  7  8    4  4  4   28
105        59     1  906     61     1  906     68    1  906     -111     0  904   -108     0  904   -102    0  904    6  6  6    3  3  4   21
106        49    34  999     48     0  904     48    0  904      -50    22  983    -52    22  983    -54   22  983    2  3  3    3  3  4   18
107        75    35  990     75    35  990     75   35  990      -81     1  910    -81     1  910    -81    1  910    3  3  3    4  4  4   21
108        73     1  910     73     1  910     73    1  910      -53     1  916    -53     1  916    -53    1  916    6  6  6    9  9  9   33
109        35  3100   41     35  3100   41     35 3100   41      -37     7  888    -37     7  888    -37    7  888    4  4  4    4  4  5   22
110        61     1  916     61     1  916     61    1  916      -61     1  912    -61     1  912    -61    1  912    3  3  3    5  5  5   18
111        39    31  990     39    31  990     41   31  990      -43    53  982    -43    53  982    -43   53  982    5  5  4    6  6  6   26
112        59     3  924     56     3  924     57    3  924      -56     9  894    -56     9  894    -56    9  894    4  4  4    6  6  6   30
113        57    55  968     57    55  968     57   55  968      -90    27  982    -91    27  982    -86   27  982    9  9  8    6  6  5   40
114       106    27  982    107    27  982    102   27  982      -42    53  982    -42    53  982    -44   53  982    2  2  2    5  5  5   15
115        40     6  942     40     6  942     40    6  942      -35     3  904    -35     3  904    -35    3  904    6  6  6    5  5  5   24
116        54     1  906     54     1  906     54    1  906      -38  3160  313    -38  3160  313    -38 3160  313    5  5  5    5  5  4   26
117        76  3614  956     73  3614  956     74 3614  956      -98  3622  951   -111  3622  951   -117 3628  941   10  9  9    9  9 14   60
118        90  3609  957    104  3609  956    114 3624  948      -97  3572  850   -110  3572  850   -121 3572  850    6  7  9   16 16 15   63
119        91  3495  745    103  3586  845    114 3553  862      -93  3499  758   -103  3499  758   -112 3500  759   11 12 12   16 15 15   69
120        84  3486  764     97  3500  774    111 3500  759      -91  3495  745    -99  3428  674   -111 3445  680   10  8 12    6  9  8   45
121        88  3432  645     99  3449  666    110 3449  666      -88  3382  601    -96  3382  601   -109 3388  625   10  8 11   14 14 13   64
122        89  3383  602    105  3383  602    107 3388  625      -91  3304  549    -94  3339  571   -109 3331  570   11 13 10   15 13 16   66
123       108  3312  556    118  3312  556    121 3312  556     -149  3313  528   -150  3313  528   -157 3313  528   18 17 20   13 10 12   76
124       155  3291  517    158  3291  517    160 3291  517     -147  3298  512   -157  3298  512   -166 3298  512   11 12 15   18 16 16   81
125       147  3303  517    155  3303  517    153 3303  517     -158  3294  511   -158  3291  517   -168 3291  517   11 15 18   13 11 11   67
126       255  3287  525    255  3285  522    244 3285  522     -151  3283  516   -159  3283  516   -169 3283  516   27 26 24   13 16 17   117
127       239  3283  526    230  3283  526    238 3282  524     -185  3289  523   -188  3290  524   -176 3290  524   20 21 18   17 18 14   101
128       222  3285  528    253  3285  528    238 3285  528     -255  3284  523   -248  3285  523   -255 3284  523   13 15 16   15 16 22   94
129       153  3273  516    158  3273  516    158 3273  516     -253  3283  526   -254  3283  526   -248 3283  526   14 13 14   17 17 18   90
130       209  3291  527    221  3291  527    209 3291  527     -253  3285  528   -255  3285  528   -255 3286  527   18 18 16   17 16 18   88
131       217  3294  527    219  3294  527    209 3294  527     -249  3289  529   -247  3289  527   -247 3289  527   18 16 14   18 17 16   90
132       239  3298  527    250  3298  527    243 3298  527     -252  3293  529   -248  3293  529   -241 3293  528   17 18 18   15 18 17   97
133       251  3297  524    253  3296  524    247 3296  524     -232  3294  527   -236  3294  527   -236 3298  528   15 14 13   15 14 14   82
134       248  3297  522    240  3297  522    233 3297  522     -233  3298  527   -235  3300  527   -235 3300  527   16 16 17   16 16 16   94
135       252  3298  520    238  3295  521    233 3298  520     -228  3297  525   -249  3297  525   -239 3297  525   14 11 11   14 15 15   75
136       253  3296  518    255  3295  518    253 3295  518     -232  3296  522   -247  3296  522   -239 3296  522   19 17 18   16 18 16   101
137       255  3293  516    255  3294  515    255 3295  515     -229  3295  519   -233  3295  519   -233 3295  519   16 16 18   19 17 17   103
138       255  3291  513    254  3292  513    230 3292  513     -235  3293  516   -242  3293  516   -244 3293  516   10 11 12   13 16 14   73
139       255  3288  510    255  3288  509    238 3288  510     -203  3290  513   -210  3290  513   -226 3290  513   20 20 20   18 18 13   100
140       255  3283  507    254  3286  506    241 3284  505     -220  3286  510   -244  3286  510   -195 3285  509   19 18 20   14 15 17   97
141       255  3281  502    248  3279  503    242 3281  502     -239  3282  506   -237  3282  506   -227 3282  506   22 24 27   14 13 14   111
142       249  3278  499    244  3277  500    242 3278  499     -220  3280  504   -226  3279  503   -224 3279  503   15 14 16   17 19 14   88
143       234  3279  498    242  3279  498    238 3279  498     -236  3280  502   -220  3280  502   -220 3280  502   12 10 11   15 15 15   75
144       223  3281  495    213  3284  498    199 3284  498     -254  3277  499   -245  3279  500   -245 3282  500   18 16 14   16 15 16   92
145       217  3285  496    223  3285  496    228 3285  496     -255  3281  497   -252  3281  498   -252 3280  497   12 12 16   15 14 13   82
146       148  3278  490    152  3283  507    166 3283  507     -250  3283  495   -243  3283  495   -240 3283  495   15 14 13   16 18 16   80
147       190  3276  481    175  3276  481    180 3276  481     -178  3285  494   -177  3285  494   -166 3285  494   12 12 12   12 13 13   71
148       162  3278  479    164  3278  479    163 3278  479     -143  3294  508   -143  3264  502   -150 3310  485   13 12 12   12 13 14   63
149       164  3277  477    171  3291  490    170 3277  477     -172  3278  479   -180  3278  479   -192 3278  479   14 10 11   13 15 14   77
150       150  3275  475    152  3287  498    161 3310  484     -164  3277  477   -170  3277  477   -175 3277  477    9  9  9   16 17 15   71
151       139  3301  483    147  3268  474    153 3268  474     -149  3275  474   -156  3281  481   -158 3271  495   19 19 19   14 13 12   96
152       154  3277  492    156  3277  492    170 3277  492     -160  3279  478   -166  3279  478   -162 3279  478   18 15 16   14 15 13   88
153       145  3274  490    152  3274  490    166 3274  490     -138  3271  489   -144  3271  489   -147 3271  489   12 10 12   12 13 14   70
154       142  3305  476    144  3305  476    152 3305  476     -132  3278  492   -138  3268  464   -144 3268  464   15 16 17    9 12 10   76
155       147  3302  478    153  3302  478    151 3302  478     -154  3265  464   -161  3265  464   -166 3265  464   11 11 11   16 15 17   75
156       144  3300  478    147  3300  478    150 3300  478     -145  3261  489   -151  3261  489   -152 3261  489   10 10 13    7  8  9   49
157       170  3264  466    181  3264  466    178 3264  466     -166  3265  467   -169  3265  467   -172 3265  467   15 12 17   16 16 19   88
158       158  3263  464    163  3263  464    165 3262  464     -170  3264  466   -174  3264  466   -174 3264  466   18 20 16   13 14 17   95
159       171  3264  463    178  3264  463    178 3264  463     -155  3263  465   -155  3263  465   -155 3263  465   10 10 11   11 10 11   60
160       135  3299  473    135  3299  473    142 3256  484     -135  3276  494   -141  3276  494   -143 3292  471   17 15 13    7  7  9   65
161       137  3259  490    138  3259  490    138 3259  490     -140  3292  490   -146  3294  490   -150 3294  490   12 11 12    7  8  8   55
162       139  3275  494    146  3275  494    145 3275  494     -139  3278  491   -137  3287  493   -144 3287  493   11 11 11   11  9 10   54
163       128  3297  474    135  3297  467    141 3256  458     -123  3295  468   -128  3295  468   -130 3295  468   10 12 12   15 16 17   79
164       127  3290  465    138  3290  465    137 3290  465     -137  3262  483   -144  3261  483   -146 3261  483   19 17 16   13 11 11   78
165       147  3261  484    150  3261  484    152 3261  484     -137  3278  486   -138  3278  486   -138 3278  486   17 16 12   14 12 12   78
166       142  3278  486    143  3278  486    145 3278  486     -153  3261  484   -158  3261  484   -158 3261  484   11 12 12   10 10 10   62
167       148  3268  484    156  3268  484    160 3268  484     -145  3279  490   -151  3279  490   -166 3279  490   14 14 13   11 11 13   70
168       136  3257  482    143  3303  468    143 3303  468     -158  3271  470   -160  3271  470   -159 3271  470   11 10 10   10 11 11   60
169       162  3296  471    172  3296  471    176 3296  471     -149  3269  467   -154  3269  467   -159 3265  479   15 17 16   14 14 17   85
170       145  3280  467    147  3280  467    157 3280  467     -150  3263  476   -157  3263  476   -156 3263  476   14 15 16   14 17 16   86
171       175  3254  460    179  3254  460    179 3254  460     -149  3257  462   -154  3252  482   -154 3252  482   15 14 15   17 19 19   88
172       142  3269  473    149  3278  468    150 3278  468     -147  3259  466   -150  3259  466   -160 3259  466   18 21 20   13 13 12   89
173       139  3245  480    146  3245  480    153 3244  480     -148  3250  460   -150  3250  460   -153 3263  485   13 12 14   13 16 13   69
174       135  3267  490    144  3239  483    149 3239  484     -149  3269  471   -159  3244  460   -162 3244  460   10 12 12   15 16 14   79
175       141  3274  468    144  3274  468    144 3275  469     -136  3282  474   -137  3282  474   -144 3251  466   20 22 18   13 15 17   96
176       141  3259  491    150  3259  491    152 3259  491     -145  3246  462   -144  3246  462   -152 3246  462   15 15 15   13 15 15   77
177       133  3247  461    144  3247  461    148 3247  461     -151  3261  496   -158  3261  496   -158 3261  496    9  9 10   16 14 12   70
178       153  3258  500    158  3258  500    156 3258  500     -147  3235  489   -153  3235  489   -153 3235  489   11 10 11   13 15 14   68
179       139  3258  485    145  3270  473    154 3245  483     -155  3245  465   -156  3245  465   -158 3259  496   15 14 15   12 11 12   74
180       142  3247  467    150  3247  467    154 3247  467     -161  3242  466   -171  3242  466   -174 3242  466   11 11 10   14 16 14   69
181       143  3269  473    153  3269  473    157 3269  473     -151  3239  465   -151  3239  465   -151 3239  465   13 13 13   11 12 12   68
182       138  3236  462    138  3250  493    138 3250  493     -141  3264  476   -146  3273  476   -149 3273  476   12 13 12   17 16 15   76
183       148  3237  467    147  3237  467    141 3228  486     -140  3236  462   -142  3236  462   -146 3236  462   12 10  9   13 12 13   60
184       141  3259  474    146  3227  488    149 3227  488     -168  3237  467   -168  3237  467   -174 3237  467   14 13 14   10  9  9   60
185       139  3224  488    149  3224  488    151 3224  488     -141  3231  488   -149  3231  488   -155 3230  488    9 10 12   17 19 18   83
186       140  3228  489    146  3228  489    153 3264  470     -139  3224  488   -147  3224  488   -156 3225  487   12 12 15   12 12 13   73
187       147  3226  485    154  3227  485    163 3227  485     -157  3232  468   -164  3246  494   -175 3246  494   10 10  9   10 11 12   62
188       140  3263  477    144  3242  494    149 3263  477     -171  3230  468   -173  3230  468   -173 3230  468   16 15 17   12 18 16   85
189       140  3243  499    146  3243  500    151 3224  492     -148  3225  464   -158  3225  464   -167 3225  464   12 11 13   17 18 17   85
190       145  3246  472    150  3238  498    161 3238  498     -152  3243  499   -159  3236  465   -160 3236  465   13 14 13    8  9  9   66
191       135  3223  465    140  3259  476    142 3259  476     -148  3220  463   -153  3238  492   -161 3238  492   14 13 13   12 10 11   61
192       160  3222  465    159  3222  465    156 3222  465     -134  3219  468   -142  3239  498   -148 3244  496   15 13 13   18 18 18   89
193       148  3256  474    154  3256  474    157 3256  474     -145  3242  476   -154  3220  491   -154 3220  491   12 11 11   11  9 11   62
194       150  3221  491    155  3221  491    155 3221  491     -166  3260  478   -165  3260  478   -168 3260  478   14 14 10    9  9  8   58
195       157  3233  471    167  3233  471    174 3247  498     -176  3263  479   -184  3263  479   -190 3263  479   18 17 16   19 18 19   87
196       143  3244  478    151  3238  490    151 3248  469     -163  3268  480   -174  3268  480   -185 3268  480   13 13 13   15 14 12   74
197       155  3248  478    156  3251  471    161 3248  478     -142  3243  493   -149  3243  493   -158 3243  493   12 12 11   13 13 13   62
198       254  3256  484    255  3256  484    245 3257  484     -155  3257  491   -154  3257  491   -166 3257  491   12 13 14   10 11 10   67
199       141  3259  496    150  3241  494    163 3241  470     -251  3260  485   -252  3260  485   -248 3260  485    6  8  8   17 15 15   69
200       252  3260  485    252  3260  485    248 3260  485     -141  3244  474   -151  3244  474   -165 3244  474   12 13 14   12 12 11   62
201       150  3252  488    153  3252  488    152 3252  488     -252  3260  485   -255  3260  485   -255 3260  485   15 15 11   12 11 13   75
202       255  3262  483    254  3262  483    253 3262  483     -181  3283  481   -183  3283  481   -182 3283  481   13 13 12   14 16 13   78
203       130  3281  480    138  3236  494    154 3236  494     -255  3262  483   -255  3262  482   -254 3264  482   19 18 17   12 17 17   86
204       222  3263  481    227  3263  481    231 3263  481     -153  3249  469   -152  3239  490   -155 3239  490   14 15 17   11 11 11   76
205       151  3264  501    156  3253  488    156 3253  488     -222  3263  481   -227  3263  481   -229 3263  481    9 12 12    8  8  9   58
206       145  3250  465    149  3250  465    156 3250  465     -125  3271  473   -125  3271  473   -127 3271  473    8  8  8   15 15 15   62
207       132  3277  476    138  3277  476    144 3244  486     -137  3250  465   -140  3270  496   -143 3270  496   12 14 15   10  8  9   65
208       151  3248  464    158  3248  464    158 3248  464     -187  3248  466   -191  3248  466   -192 3248  466   13 14 13   18 16 17   79
209       198  3246  464    206  3246  464    208 3246  464     -147  3248  464   -150  3244  462   -157 3244  462   16 16 15   12 13 14   75
210       149  3248  484    155  3243  463    157 3244  462     -198  3246  464   -203  3246  464   -206 3246  464   10 11 13   13 10  9   63
211       146  3277  471    147  3277  471    151 3238  488     -145  3250  468   -145  3242  482   -149 3250  468   15 16 17   11 13 13   82
212       155  3240  459    155  3242  459    162 3242  459     -143  3241  461   -146  3241  461   -154 3238  488    9 10 11   17 16 15   78
213       136  3258  496    142  3258  496    142 3258  496     -131  3236  490   -131  3236  490   -132 3254  488   13 12 12    6  6  7   44
214       145  3252  486    148  3252  486    150 3252  486     -143  3233  483   -149  3233  483   -152 3233  483    7  8  8   13 14 14   58
215       139  3273  471    144  3255  494    149 3237  456     -132  3235  458   -131  3235  458   -132 3254  491   10 11 13   11 10  9   61
216       140  3225  484    148  3225  484    150 3277  468     -150  3227  485   -160  3227  485   -163 3227  485   16 13 16   10  9 13   75
217       129  3268  466    138  3232  477    146 3232  477     -132  3229  476   -142  3229  476   -147 3229  476   13 12 12   13 13 13   70
218       136  3270  470    142  3270  470    142 3270  470     -164  3272  470   -170  3272  470   -172 3272  470    7  7  7    9  9  8   44
219       140  3229  478    145  3229  478    146 3237  462     -136  3270  470   -144  3270  470   -151 3270  470   12 15 17    8  8  8   62
220       124  3258  495    127  3258  495    133 3236  455     -135  3254  492   -145  3254  492   -154 3254  493    8  8  9   19 19 15   67
221       130  3242  460    129  3242  460    138 3241  460     -140  3225  482   -145  3225  482   -145 3225  482   17 15 14    9  8  8   56
222       140  3271  470    148  3271  470    151 3271  470     -135  3225  484   -145  3225  484   -148 3225  484   10 11 14   14 13 13   71
223       140  3260  467    146  3260  467    154 3254  492     -143  3234  461   -148  3234  461   -146 3234  461    7  9  6   11 18 13   61
224       141  3224  479    146  3223  480    144 3223  480     -162  3233  461   -160  3233  461   -162 3233  461   13 12 10   14 13 13   64
225       134  3227  481    144  3227  481    146 3227  481     -138  3264  472   -147  3264  472   -152 3264  472   14 14 14   19 18 18   84
226       138  3231  465    134  3229  487    135 3231  465     -134  3258  467   -141  3258  467   -139 3258  467   13 14 13   13 14 15   79
227       133  3264  468    138  3264  468    140 3264  468     -125  3263  465   -133  3264  465   -134 3265  465   12 11 10   12 13 14   69
228       142  3264  464    151  3264  464    145 3264  464     -142  3265  469   -144  3260  465   -152 3241  483   16 17 17   14 14 11   77
229       130  3242  480    137  3242  480    144 3224  459     -126  3217  484   -136  3217  484   -137 3215  488   13 13 15   14 15 13   83
230       127  3246  488    130  3215  486    131 3243  494     -137  3217  477   -147  3217  477   -150 3217  477   15 12 10   12 13 18   74
231       145  3238  489    153  3238  489    153 3238  489     -140  3219  480   -143  3220  480   -146 3242  491   11 11 11   15 14 13   66
232       140  3254  466    145  3254  466    151 3254  466     -138  3254  470   -143  3254  470   -149 3254  470   12 12 12   13 14 12   75
233       161  3226  459    159  3226  459    160 3226  459     -139  3252  465   -144  3252  465   -146 3252  465   11 11 11   14 12 13   66
234       138  3221  458    143  3238  492    150 3238  492     -176  3224  459   -177  3224  459   -172 3224  459   16 14 14   12 12 13   66
235       150  3244  487    160  3244  487    162 3244  487     -145  3225  483   -153  3225  483   -154 3225  483    7  7  7    7  8  8   41
236       142  3243  494    145  3242  492    147 3242  494     -140  3240  488   -148  3240  488   -148 3240  488   11 11  9   13 15 16   63
237       144  3241  489    152  3241  489    162 3225  463     -145  3229  483   -147  3229  483   -143 3229  483    8  7  8   12 13 14   56
238       144  3240  495    151  3227  463    154 3227  463     -166  3227  461   -164  3227  461   -164 3227  461   10 10 10   13 15 14   65
239       135  3223  484    145  3223  484    149 3223  484     -139  3244  496   -141  3244  496   -140 3244  496   17 17 18   11  9  9   69
240       135  3233  478    139  3222  480    144 3269  465     -136  3247  461   -138  3247  461   -141 3250  492   15 16 15   14 14 12   80
241       150  3268  468    158  3268  468    156 3268  468     -140  3237  463   -146  3266  471   -159 3266  471   15 14 13   14 12 12   73
242       156  3239  476    160  3239  476    169 3238  478     -148  3255  485   -157  3255  485   -154 3255  485   14 14 14   12 12  9   70
243       141  3253  488    150  3255  494    154 3246  462     -142  3271  467   -140  3271  467   -141 3271  467   15 13 14   13 12 12   63
244       139  3246  471    142  3253  485    155 3246  471     -137  3255  494   -142  3260  490   -142 3260  490   10  9 11    9 10 10   56
245       139  3239  479    139  3239  479    140 3241  478     -143  3275  471   -150  3275  471   -162 3275  471   15 16 13   14 14 11   74
246       139  3228  484    145  3241  482    155 3241  482     -175  3241  461   -185  3241  461   -195 3241  461   14 14 13   18 18 19   81
247       142  3232  485    150  3232  485    163 3232  485     -151  3244  470   -154  3269  470   -157 3239  478   13 13 13   20 20 23   99
248       145  3237  457    145  3237  457    156 3228  482     -154  3236  458   -164  3236  458   -167 3236  458   12 13 14   10 11 11   71
249       137  3263  464    138  3217  473    141 3217  473     -149  3236  461   -150  3238  457   -156 3227  476   21 15 16   10 11  8   81
250       148  3227  475    153  3228  476    160 3220  473     -140  3238  478   -147  3229  471   -151 3229  471   13 11 14   14 14 14   76
251       181  3217  453    182  3217  453    180 3217  453     -147  3220  455   -156  3229  461   -162 3220  473   17 18 18   20 19 14   96
252       136  3243  461    143  3243  461    141 3243  461     -141  3239  491   -142  3248  466   -148 3248  466   13 14 13    8  8  9   62
253       171  3217  455    179  3217  455    181 3217  455     -139  3219  476   -144  3213  449   -147 3213  449   13 13 14   16 18 19   82
254       159  3219  457    164  3219  457    163 3219  457     -171  3217  455   -177  3217  455   -177 3217  455   19 17 16   12 13 13   84
255       154  3229  464    156  3229  464    157 3229  464     -150  3221  480   -151  3221  480   -155 3222  480   12 10 13   16 16 16   76
256       152  3226  461    153  3231  467    163 3231  467     -160  3258  469   -171  3258  469   -175 3258  469   13 13 14   17 19 19   86
257       150  3226  463    159  3226  463    169 3226  463     -145  3231  461   -146  3231  461   -149 3231  461   13 12 14   11 10 10   61
258       142  3233  465    144  3233  465    145 3221  486     -140  3257  473   -142  3257  473   -151 3232  467   16 16 16   16 17 17   92
259       153  3225  465    163  3225  465    165 3225  465     -144  3215  488   -147  3255  474   -153 3255  474   16 17 17    9 13 14   83
260       136  3238  488    138  3214  487    141 3214  487     -135  3218  486   -145  3218  486   -149 3218  486   13 12 12   12 12 14   70
261       129  3214  490    138  3217  487    138 3261  479     -137  3242  496   -141  3240  501   -149 3214  486   14 15 15   14 12 13   74
262       146  3241  498    150  3241  498    152 3241  498     -132  3258  477   -137  3220  466   -145 3220  466   11 10 10   11 12 12   66
263       150  3227  486    158  3227  486    163 3227  486     -192  3224  466   -196  3224  466   -197 3224  466   10 11 12   14 15 13   72
264       144  3231  490    151  3246  497    157 3246  497     -143  3253  472   -145  3217  487   -146 3253  472   12 11 12   15 15 17   70
265       149  3237  494    150  3237  494    155 3213  480     -144  3231  490   -155  3231  490   -159 3231  490   10  9 10   12 12 12   65
266       150  3226  483    155  3226  483    157 3226  483     -149  3237  494   -150  3237  494   -148 3237  494   14 13 15   13 11 10   67
267       166  3220  460    173  3220  460    176 3220  460     -139  3229  463   -140  3256  472   -144 3223  479   14 13 12   20 18 14   84
268       160  3255  469    165  3255  469    158 3255  469     -166  3220  460   -173  3220  460   -175 3220  460   19 19 16   15 17 17   94
269       143  3236  490    150  3236  490    153 3219  457     -137  3227  461   -147  3227  461   -152 3227  461   13 15 13   13 13 12   76
270       139  3224  478    145  3224  478    152 3224  478     -146  3215  479   -156  3215  479   -159 3215  479   15 13 15   13 13 14   75
271       140  3218  455    143  3218  455    143 3218  455     -147  3210  478   -147  3235  492   -158 3217  452   14 14 15   12 10 11   64
272       145  3218  479    144  3218  479    147 3218  479     -143  3225  464   -145  3225  464   -146 3225  464   14 14 15   13 13 12   72
273       162  3216  453    159  3216  453    160 3216  453     -142  3248  462   -150  3248  462   -151 3248  462   11 12 12   14 16 14   67
274       155  3216  452    154  3216  452    152 3237  481     -158  3218  453   -161  3218  453   -174 3218  453   15 16 13   13 15 18   84
275       137  3251  462    143  3212  451    147 3251  462     -128  3249  458   -131  3249  458   -130 3249  458   10 11 10   12 10  9   61
276       144  3211  473    152  3211  473    152 3211  473     -146  3247  459   -150  3247  459   -160 3208  445   11 11 11   10 10 13   62
277       143  3234  460    152  3211  469    154 3211  469     -162  3215  453   -170  3214  452   -174 3214  452   15 14 15    9 10 11   68
278       148  3212  449    146  3247  459    153 3247  459     -153  3223  448   -160  3210  471   -163 3210  471   15 14 14   18 16 18   83
279       146  3231  458    146  3231  458    156 3213  470     -143  3218  450   -152  3218  450   -157 3217  456   14 17 15   11 11 10   75
280       145  3207  447    154  3207  447    155 3243  458     -156  3215  456   -157  3215  456   -164 3215  456    8 10  9   14 16 16   63
281       160  3224  455    163  3224  455    163 3224  455     -157  3213  453   -154  3219  470   -160 3206  447   15 13 12   18 16 18   86
282       149  3206  466    158  3201  445    163 3201  445     -152  3211  447   -152  3220  480   -161 3220  480   14 14 13   14 11 13   73
283       144  3234  452    151  3233  453    163 3204  465     -148  3201  445   -158  3201  445   -169 3200  444   15 13 12   18 18 20   84
284       145  3231  453    147  3231  453    152 3231  452     -168  3197  443   -166  3197  443   -166 3197  443   19 15 13   14 12 14   80
285       148  3194  441    145  3215  447    148 3215  447     -166  3194  442   -186  3194  442   -182 3194  442   16 12 13    9 11 10   71
286       138  3228  453    148  3228  453    151 3228  453     -135  3188  436   -139  3209  474   -147 3209  474   17 17 18   13 11 11   75
287       152  3217  450    150  3217  450    153 3209  474     -153  3196  464   -160  3196  464   -162 3190  441   18 15 19    9  8  9   75
288       147  3185  469    157  3185  469    166 3185  469     -163  3192  443   -166  3192  443   -178 3192  443   12 11 12   17 19 18   86
289       166  3201  447    176  3201  447    182 3201  447     -142  3203  467   -149  3203  467   -158 3203  467   15 13 11   11 11 13   70
290       153  3212  454    155  3212  454    157 3212  454     -156  3237  457   -164  3237  457   -162 3237  457   14 14 15   21 19 19   90
291       153  3208  449    159  3208  449    161 3207  450     -149  3206  448   -154  3210  470   -162 3205  449   16 15 13   17 13 12   74
292       161  3210  449    161  3210  449    161 3210  449     -138  3213  470   -142  3213  470   -140 3213  470   15 18 17    6  7  7   64
293       162  3207  472    159  3207  472    161 3207  472     -163  3210  449   -171  3210  449   -174 3210  449    9  9  9   14 13 16   61
294       168  3254  459    173  3254  459    174 3254  459     -162  3207  472   -157  3207  472   -159 3207  472   14 13 12   10 10 12   65
295       141  3231  451    141  3231  451    149 3234  475     -168  3254  459   -173  3254  459   -181 3254  459   14 14 14   11 14 10   72
296       141  3227  457    152  3227  457    156 3235  456     -149  3242  464   -153  3242  464   -152 3242  464   14 16 13   13 12 16   81
297       154  3243  466    156  3243  466    166 3243  466     -151  3227  457   -160  3227  457   -160 3227  457   23 23 20   15 14 13   107
298       140  3258  447    147  3258  447    146 3258  447     -154  3243  466   -156  3243  466   -160 3243  467   12 12 14   13 12 11   70
299       135  3248  423    140  3248  423    133 3250  423     -146  3236  440   -141  3236  440   -145 3236  440   14 14 16   13 12 12   68
300        88  1084  645     91  3231  424    103 3239  442      -97  1352  877    -97  1352  877   -103 3205  410    5  7  9    8  8 10   35
301        92  1727  563     92  1727  563    103 3206  396      -97  2010  780    -97  2010  780   -106 3146  374    7  7 12    6  6 10   45
302        89  2146  550     97  3137  378    103 3159  398      -93  2600  687    -95  3059  388   -109 3060  388   10 13 13    6  8 11   52
303        86  2963  337     94  3073  364    105 3060  388      -92  2987  338    -98  2987  338   -109 2951  367   12 12 12   10 13 13   63
304        85  2955  349     95  2958  374    108 2983  338      -94  2836  352   -101  2830  355   -109 2868  340   10  9 13   13 12 14   68
305        90  2831  355    100  2851  329    110 2844  352      -94  2702  296   -105  2681  292   -116 2683  306   11 12 13   13 12 12   70
306       118  2503  223    114  2503  223    115 2503  223     -106  2528  267   -115  2528  267   -117 2491  268   11 11 16   14 14 15   75
307        99  2497  237    107  2497  237    115 2491  268     -119  2503  223   -117  2503  223   -122 2335  198   10 10 10   14 13 16   70
308        95  2361  215    104  2368  221    116 2366  220     -108  2130  135   -117  2130  135   -126 2130  135   11 10 12   13 13 14   67
309       116  1862   77    110  2162  172    121 2162  172     -103  1912  118   -112  1912  118   -121 1865   83   12 11 10   12 10 12   62
310        99  1860  131    108  1860  131    117 1862  111     -115  1862   77   -113  1694   77   -120 1694   77   10 10 12   18 16 17   80
311       103  1500   40    108  1685   95    117 1682   78     -114  1520   63   -122  1520   63   -131 1520   63   11 10 14    9  9  7   57
312       104  1295   35    106  1491   89    119 1546   82     -103  1500   40   -112  1311   56   -121 1304   55    7  7  9   17 15 18   64
313        99  1343   49    106  1339   85    119 1297   55     -104  1295   35   -112  1204   53   -118 1222   71    9  8 10   14 14 11   64
314        97  1219   68    106  1219   68    116 1219   69     -101  1056   74   -110  1053   59   -118 1067   59   10 11 11   12 17 15   72
315        96  1043   80    105  1051   62    115 1054   55     -113   948   69   -121   948   69   -133  948   69   10 13 12   12 15 15   77
316        95   946   89    104   946   88    115  956   68     -102   856   77   -111   856   77   -122  856   77   10 12 13   12 13 12   66
317        94   891   96    103   888   95    114  888   95     -100   779   99   -107   784  107   -116  782  106   11 11 13    9 11 12   64
318       103   771  102    110   766  106    114  791  109     -131   768  108   -130   768  108   -135  766  108    9 10 11   12 11 12   62
319       153   755  116    162   750   90    168  750   90     -150   732  104   -153   732  104   -163  732  104   16 14 14   15 20 18   85
320       160   728  101    164   728  101    179  728  101     -153   722  110   -155   722  110   -165  722  110   13 16 13   16 17 18   83
321       162   739  106    161   721  110    167  721  110     -158   717   95   -167   717   95   -168  717   95   17 16 15   11  9 11   76
322       153   732  130    160   732  130    170  732  130     -148   744  117   -154   727  134   -162  750   99   11 11 11   16 15 17   69
323       162   724  119    164   724  119    166  724  119     -163   747  119   -162   747  119   -169  747  119   17 15 15   15 12 12   74
324       158   743  117    156   743  117    157  743  117     -154   763  128   -156   749  117   -167  754  122   15 20 15   10 11 11   82
325       173   754   96    174   754   96    171  754   96     -149   761  122   -152   761  122   -152  761  122   15 17 17   16 15 15   83
326       150   755   95    156   755   95    165  731   93     -151   753  121   -160   753  121   -161  753  121   15 18 19   17 18 17   96
327       167   754  118    172   754  118    182  754  118     -154   751  119   -159   729  100   -169  751  119   18 17 18   15 18 14   88
328       168   750  117    173   750  117    180  750  117     -171   759  128   -171   759  128   -167  759  128   14 12 12   14 17 14   83
329       158   757  128    166   757  128    166  731  110     -150   745  121   -157   745  121   -169  745  121   14 14 13   14 18 16   82
330       160   746  113    166   750  128    173  746  113     -154   731  124   -160   720  106   -168  764  129   12 10 11   15 15 14   75
331       159   727  140    168   727  140    172  743  106     -159   750  128   -166   750  128   -171  750  128   11 11 12   14 14 14   73
332       176   741  123    175   741  123    178  741  123     -157   743  106   -166   743  106   -179  743  106   11 11 10   13 15 17   77
333       165   716  132    170   716  132    165  716  132     -178   716  104   -184   716  104   -184  716  104   17 20 21   15 18 15   98
334       255   726  127    255   724  123    248  726  125     -162   743  107   -170   743  107   -172  736  127   18 22 17   15 13 13   92
335       194   723  130    199   723  130    201  726  129     -255   726  124   -250   726  124   -248  726  124   11 10 12   20 20 20   84
336       204   723  133    210   723  133    228  723  133     -255   724  125   -255   727  129   -255  725  126   15 16 17   20 20 19   107
337       218   721  137    215   721  137    216  722  135     -255   726  132   -255   724  131   -252  724  131   18 17 19   18 16 16   101
338       255   719  141    241   719  141    246  715  141     -255   722  137   -255   722  137   -253  720  131   13 10 11   14 14 18   77
339       197   718  144    205   718  144    210  718  144     -255   721  141   -255   720  141   -255  719  139   17 19 17   14 12 13   86
340       197   714  147    204   716  147    207  716  147     -255   718  142   -255   720  144   -255  716  140   15 15 14   18 20 17   96
341       185   710  146    203   713  148    212  713  148     -255   713  144   -255   716  146   -255  713  144   17 15 16   23 20 19   105
342       224   708  147    246   708  147    238  708  147     -213   714  148   -218   713  146   -218  713  146   15 18 19   20 21 22   106
343       152   741  156    155   741  156    158  741  156     -255   709  148   -255   708  147   -249  709  145   17 16 15   20 18 20   91
344       154   701  145    162   711  140    167  711  140     -160   700  151   -164   700  151   -171  726  158   18 17 17   16 20 18   97
345       157   701  149    161   701  149    166  703  163     -159   715  154   -165   737  163   -174  715  154   14 13 13   16 14 17   81
346       155   726  140    159   726  140    154  713  153     -166   725  149   -171   725  149   -176  725  149   16 17 14   16 14 14   88
347       146   725  146    154   725  146    160  725  146     -164   729  132   -173   729  132   -184  729  132   11 14 15   12 12 11   72
348       159   742  133    159   742  133    157  742  133     -152   732  148   -156   732  148   -164  732  148   14 13 15    8  8  8   57
349       163   752  121    169   752  121    170  752  121     -155   756  114   -165   756  114   -171  756  114   18 17 17   13 16 14   95
350       145   737  123    150   737  123    161  737  123     -162   733  133   -166   733  133   -164  733  133   15 17 17   10 12 12   83
351       165   720  149    172   720  149    179  720  149     -164   713  113   -168   713  113   -168  720  146   17 15 14   16 18 16   93
352       145   678  154    153   679  154    160  679  154     -126   679  124   -126   679  124   -124  679  124   11 11 11   16 17 14   68
353       100   650  164    109   650  164    115  651  169      -98   619  161   -106   616  159   -117  615  158    6  6  5   10 12 10   47
354       104   592  137    113   592  137    116  597  174     -101   553  176   -110   553  176   -114  553  176   14 15 16   11 12 13   66
355        94   546  176    102   547  176    114  550  170      -99   477  183   -105   502  183   -114  495  184   12 14 17   10 15 14   73
356        93   485  193    102   483  191    113  475  190     -108   417  196   -117   417  196   -126  417  196    9 10 12    8  9  9   53
357        93   432  200    101   410  208    112  421  203     -108   363  215   -117   363  215   -123  363  215   10 10 13   14 17 15   69
358        92   342  228    101   361  226    112  361  222      -95   258  247   -104   258  247   -114  261  240    8 10 10   12 12 12   55
359        93   276  243    101   273  251    110  260  248     -100   602  623   -103   204  269   -114  204  269   12 11 12    9 12 14   55
360        90   187  273     99   189  255    110  190  252      -95   119  291   -103   121  289   -113  114  291    9 11 14    9 10 10   63
361        90   122  307     99   122  307    109  122  306      -96    19  389   -105    29  401   -116   19  389    9  9  9    8  7  9   45
362        92    16  403    102    16  403    112   19  389      -95   448  799    -95   448  799    -95  448  799    8  9 10    5  6  5   42
363        83   448  799     80   448  799     86    1  910      -96   441  948    -95   441  948    -98  441  948    6  6  5    8  8  7   35
364        88   441  948     87   441  948     90  441  948      -99   499  972    -99   499  972    -99  499  972    6  6  6    9  9  9   36
365        98   499  972     98   499  972     98  499  972      -82   530  806    -83   530  806    -80  530  806    7  7  6    7  8  7   30
366        55   529  806     55   529  806     55  529  806      -92   698  843    -92   698  843    -92  698  843    8  9  9    8  8  8   39
367        77   697  843     77   697  843     77  697  843      -95   621  821    -95   621  821    -95  621  821    6  5  5    9  9  9   36
368        92   621  821     92   621  821     92  621  821      -92   459  987    -92   459  987    -92  459  987    6  6  6    6  6  6   30
369        76  2900  242     80  2900  242     80 2900  242      -85  3184  493    -89  3184  492    -89 3184  492    7  7  8    4  6  6   33
370        83  3184  493     87  3184  492     87 3184  492     -106   552  837   -106   552  837   -106  552  837    5  6  6    5  5  5   29
371       104   552  837    104   552  837    104  552  837      -80   430  915    -80   430  915    -80  430  915    5  5  5    9  9  9   39
372        79   429  915     79   429  915     79  429  915      -46     7  910    -46     7  910    -46    7  910    5  5  5    8  7  8   29
373        56     1  906     56     1  906     56    1  906      -90   383  999    -87   383  999    -88  383  999    6  6  6    2  2  2   21
374        94   383  999     88   383  999     93  383  999      -53    59  962    -53    59  962    -53   59  962    2  2  2    6  6  5   23
375        37     1  906     37     1  906     37    1  906      -42     1  914    -42     1  914    -42    1  914    5  5  5    4  4  4   24
376        40     4  797     40     4  797     40    4  797      -49    59  962    -49    59  962    -49   59  962    6  6  6    5  5  5   27
377        47   645  868     47   645  868     47  645  868      -70   555  955    -69   555  955    -72  555  955    4  4  4    6  6  7   28
378        57    59  962     58    59  962     56  555  955      -79   717  847    -81   717  847    -80  717  847    8  6 10    8  9  7   48
379        81   717  847     81   717  847     81  717  847      -78   758  675    -81   758  675    -80  758  675   10 10  9    9  9  9   39
380        67   758  675     70   758  675     69  758  675      -88   871  393    -88   871  393    -88  871  393    6  6  6    5  5  4   24
381        49   869  413     49   869  413     49  869  413      -63   870  358    -63   870  358    -63  870  358    7  7  7    4  3  5   18
382        54     0  904     54     0  904     54    0  904      -79   949   49    -79   949   49    -79  949   49    7  7  7    8  8  8   39
383        53   949   49     53   949   49     53  949   49      -53   954   10    -53   954   10    -53  954   10    6  6  6    3  4  4   26
384        43    49  988     43    49  988     43   49  988      -59     1  914    -59     1  914    -59    1  914    2  2  2    5  5  5   15
385        75     1  914     76     1  914     73    1  914      -58     2  883    -56     2  883    -61    2  883    9  9  8    4  4  4   34
386        36    53  987     35    53  987     41    7  942      -66   700   71    -66   700   71    -66  700   71    5  4  6    6  5  6   31
387        63    35  990     63    35  990     63   35  990      -70   673   27    -70   673   27    -70  673   27    5  5  5   13 13 13   42
388        45   673   27     45   673   27     45  673   27      -47   670  100    -47   670  100    -47  670  100    5  5  5    5  5  5   27
389        38   674  132     38   674  132     38  674  132      -83   795  209    -83   795  209    -83  795  209    4  4  5    9  9  9   40
390        69   796  209     69   796  209     69  796  209      -47   726   96    -47   726   96    -47  726   96    5  5  5    6  6  6   31
391        42  1068  873     42  1068  873     42 1068  873      -39   726   86    -39   726   86    -39  726   86    5  5  5    5  5  5   24
392        61    50  961     61    50  961     59   50  961      -48    52  969    -47    52  969    -52   52  969    6  6  6    2  2  2   24
393        38   896  109     38   896  109     38  896  109      -49     2  911    -49     2  911    -49    2  911    7  7  7    2  2  3   25
394        43   764  845     43   764  845     43  764  845      -54     1  930    -54     1  930    -54    1  930    4  4  4    4  4  4   21
395        47    53  987     47    53  987     47   53  987      -64   828   40    -64   828   40    -64  828   40    5  5  5    5  5  5   20
396        46     1  930     46     1  930     46    1  930      -49    23  984    -49    23  984    -49   23  984    5  5  5    4  4  4   21
397        39    23  984     39    23  984     39   23  984      -30    41  997    -30    41  997    -30   41  997    4  4  4    2  2  2   15
398        42    49  988     42    49  988     42   49  988      -61     1  914    -61     1  914    -61    1  914    4  4  4    4  4  4   24
399        33     4  891     33     4  891     33    4  891      -31    38  995    -31    38  995    -31   38  995    3  3  3    3  3  3   18
400        50    35  990     52    35  990     50   35  990      -54    15  884    -52    15  884    -53   15  884    3  3  3    7  7  8   28
401        74    49  190     74    49  190     74   49  190      -80    65  212    -89    68  210   -100   59  200   11 12 11    6  8 13   61
402        87    66  212     90    68  210     99   63  200      -75   188   74    -83   187   72    -95  183   64    9 11 16   10 12 15   70
403        72   188   74     81   179   68     94  183   64      -64   192   70    -62   192   70    -62  192   70    9 11 14    8  8  8   52
404        42    53  987     42    53  987     42   53  987      -55   638   40    -55   638   40    -55  638   40    5  5  5    6  6  6   24
405        54   638   40     54   638   40     54  638   40      -88   530  177    -88   530  177    -88  530  177    7  7  7   11 10 10   36
406        73   530  177     73   530  177     73  530  177      -77   476  396    -77   476  396    -77  476  396    6  6  6    5  5  6   30
407        61     1  904     62     1  904     67    1  904      -77   390  616    -77   390  616    -77  390  616    8  8  6    4  4  4   29
408        60   390  616     60   390  616     60  390  616      -60   466  704    -60   466  704    -60  466  704    5  5  6    7  6  6   29
409        58   466  704     58   466  704     58  466  704     -125   934  808   -125   934  808   -123  934  808    8  8  8    9  9  9   45
410       125   936  808    125   936  808    125  936  808      -55     1  810    -55     1  810    -55    1  810   11 11 11    3  4  3   39
411        58     1  916     58     1  916     58    1  916      -37     6  787    -37     6  787    -37    6  787    5  5  5    6  6  6   26
412        60     4  881     60     4  881     60    4  881      -47     7  882    -47     7  882    -47    7  882    4  4  4    4  4  4   21
413        37     3  922     37     3  922     37    3  922      -64     1  916    -64     1  916    -64    1  916    3  3  3    8  8  9   25
414        53    39  983     51    39  983     54   39  983      -61    46  999    -61    46  999    -59   46  999    6  5  6    4  4  4   29
415        60    23  984     58    23  984     54   23  984      -53    32  983    -53    32  983    -53   32  983    5  5  5    4  4  4   27
416        45    59  962     45    59  962     45   59  962      -37    47  996    -37    47  996    -37   47  996    4  4  4    3  3  3   18
417        38  3588  497     38  3588  497     38 3588  497      -67    31  992    -67    31  992    -67   31  992    3  4  4    3  3  3   17
418        44    38  991     44    38  991     44   38  991      -36  3760  333    -36  3760  333    -36 3760  333    2  2  2    6  6  6   21
419        36  3760  333     36  3760  333     36 3760  333      -39    47  996    -39    47  996    -39   47  996    3  3  3    3  3  3   12
420        56    49  986     56    49  986     56   49  986      -40     1  880    -40     1  880    -40    1  880    3  3  3    4  4  4   21
421        49    47  996     49    47  996     49   47  996      -63     9  894    -63     9  894    -63    9  894    3  3  3   11 11 11   33
422        56    54  983     56    54  983     56   54  983      -54    41  998    -54    41  998    -54   41  998    6  6  5    4  3  2   23
423        52    57  962     52    57  962     52   57  962      -43   571  832    -44   571  832    -41  571  832    3  3  3    4  4  4   21
424        43    36  991     44    23  984     43   36  991      -61    35  990    -61    35  990    -59   35  990    4  4  4    3  3  4   22
425        42    49  985     42    49  985     44   49  985      -42    55  996    -42    55  996    -42   55  996    5  5  5    4  4  4   23
426        63     1  910     63     1  910     63    1  910      -49     5  904    -49     5  904    -49    5  904    5  5  5    2  2  2   21
427        32    49  988     33    49  988     31    2  941      -42    47  996    -42    47  996    -42   47  996    6  6  6    3  3  3   21
428        38     7  882     36     7  882     44    7  882      -46    59  962    -46    59  962    -46   59  962    3  3  4    7  7  7   19
429        55    52  987     55    52  987     55   52  987      -61     9  892    -61     9  892    -61    9  892    5  5  4    9  9  6   35
430        38    37  982     38    37  982     38   37  982      -43     1  910    -41     1  910    -41    1  910    2  2  2    3  2  3   12
431        41     9  892     41     9  892     41    9  892      -43    13  886    -43    13  886    -43   13  886    6  6  5    5  5  7   25
432        48     8  893     48     8  893     48    8  893      -37    41  992    -37    41  992    -37   41  992    5  5  5    4  4  3   21
433        37  1566  799     37  1566  799     37 1566  799      -33   464  850    -33   464  850    -33  464  850    6  6  6    3  3  4   25
434        35     1  912     35     1  912     35    1  912      -46    27  982    -46    27  982    -46   27  982    8  8  8    5  5  5   24
435        36    45  989     36    45  989     34   45  989      -43    55  986    -43    55  986    -43   55  986    2  2  2    4  4  4   15
436        49    53  982     49    53  982     49   53  982      -58    52  987    -58    52  987    -62   52  987    8  7  7    8  8  7   41
437        50     1  910     50     1  910     50    1  910      -34    53  982    -34    53  982    -34   53  982    9  9  8    2  2  2   32
438        36     1  928     36     1  928     36    1  928      -66     1  930    -66     1  930    -66    1  930    4  4  4    8  8  8   30
439        38    37  992     38    37  992     39   52  977      -36    50  965    -36    50  965    -36   50  965    4  4  5    2  2  2   19
440        48     1  914     48     1  914     48    1  914      -35    57  998    -35    57  998    -35   57  998    6  7  6    4  4  4   18
441        40    53  982     40    53  982     40   53  982      -48     1  914    -48     1  914    -48    1  914    4  4  4    6  6  6   21
442        51     1  914     51     1  914     51    1  914      -63    59  962    -63    59  962    -63   59  962    5  5  5    5  5  5   24
443        44  1068  873     44  1068  873     44 1068  873      -37     1  914    -37     1  914    -37    1  914    5  5  5    6  6  6   21
